# Description:
#    Intra-molecular correlation functions (form factors) for a single grafted 
#    particle in a vaccuum with athermal, hard-sphere interactions. These data
#    were calculated from MD simulations using the Debye method.
#
# Source:
#   Coarse Grained MD Simulation
# 
#  
# Diameter: 5d
# Grafting Density:  0.32 chains/d^2
# Graft Length: 20
# Graft Type: Linear
# dr: 0.1 d
# dk: 0.031 d^-1
# length: 1024
# Omega Pair: Graft-Graft
# 
# k                      Graft-Graft Omega(k)
# 
3.067961575771282340e-02 4.908522364966248688e+02
6.135923151542564680e-02 4.645617078958490538e+02
9.203884727313846326e-02 4.235741702514641247e+02
1.227184630308512936e-01 3.718183761952831787e+02
1.533980787885641239e-01 3.139215975930502509e+02
1.840776945462769543e-01 2.545755908632900173e+02
2.147573103039897569e-01 1.979399873865071413e+02
2.454369260617025872e-01 1.472581221439947399e+02
2.761165418194154175e-01 1.045586376894055292e+02
3.067961575771282479e-01 7.066804508130442741e+01
3.374757733348410782e-01 4.537341188017801841e+01
3.681553890925539085e-01 2.769725443620165706e+01
3.988350048502666834e-01 1.621967391860434660e+01
4.295146206079795137e-01 9.379472087695411631e+00
4.601942363656923440e-01 5.724982122268570173e+00
4.908738521234051744e-01 4.053488056647534421e+00
5.215534678811180047e-01 3.473288797470799771e+00
5.522330836388308350e-01 3.394437721378464001e+00
5.829126993965436654e-01 3.475641704351249306e+00
6.135923151542564957e-01 3.553117699051551615e+00
6.442719309119693261e-01 3.572494956363972740e+00
6.749515466696821564e-01 3.534188066034913867e+00
7.056311624273949867e-01 3.458029504498501883e+00
7.363107781851078171e-01 3.364438176669175107e+00
7.669903939428205364e-01 3.267183797947941670e+00
7.976700097005333667e-01 3.173569972468254896e+00
8.283496254582461971e-01 3.086496063012490687e+00
8.590292412159590274e-01 3.007211942011192463e+00
8.897088569736718577e-01 2.936242830853275532e+00
9.203884727313846881e-01 2.873881665593666757e+00
9.510680884890975184e-01 2.819729863999929087e+00
9.817477042468103487e-01 2.772577954547010393e+00
1.012427320004523068e+00 2.730158705498602512e+00
1.043106935762235787e+00 2.689819029053174937e+00
1.073786551519948729e+00 2.648739617456340234e+00
1.104466167277661448e+00 2.604810487988667767e+00
1.135145783035374389e+00 2.556664117871718211e+00
1.165825398793087109e+00 2.503930408886784420e+00
1.196505014550800050e+00 2.447085197272352186e+00
1.227184630308512769e+00 2.387110651847806686e+00
1.257864246066225711e+00 2.325171307535707665e+00
1.288543861823938430e+00 2.262364595722483607e+00
1.319223477581651371e+00 2.199570446505469512e+00
1.349903093339364091e+00 2.137343828697225501e+00
1.380582709097077032e+00 2.076137205869776459e+00
1.411262324854789751e+00 2.016183075918032586e+00
1.441941940612502693e+00 1.957801431562766092e+00
1.472621556370215412e+00 1.901387259738327673e+00
1.503301172127928131e+00 1.847370546294266003e+00
1.533980787885641073e+00 1.796233771689367043e+00
1.564660403643353792e+00 1.748404416835343866e+00
1.595340019401066733e+00 1.704079974185135349e+00
1.626019635158779453e+00 1.663257985454065446e+00
1.656699250916492394e+00 1.625688417309888667e+00
1.687378866674205113e+00 1.590913784595975322e+00
1.718058482431918055e+00 1.558401608211612110e+00
1.748738098189630774e+00 1.527629407544315088e+00
1.779417713947343715e+00 1.498204692539094163e+00
1.810097329705056435e+00 1.469889964452455233e+00
1.840776945462769376e+00 1.442607716278096364e+00
1.871456561220482095e+00 1.416412936076580031e+00
1.902136176978195037e+00 1.391395617420078334e+00
1.932815792735907756e+00 1.367650756241390653e+00
1.963495408493620697e+00 1.345230855331584818e+00
1.994175024251333417e+00 1.324111744389944167e+00
2.024854640009046136e+00 1.304232160111803651e+00
2.055534255766759077e+00 1.285455028104183883e+00
2.086213871524472019e+00 1.267635351922251408e+00
2.116893487282184960e+00 1.250613137577620604e+00
2.147573103039897902e+00 1.234228391840469952e+00
2.178252718797610399e+00 1.218328619554440051e+00
2.208932334555323340e+00 1.202751326254372088e+00
2.239611950313036282e+00 1.187326518804376674e+00
2.270291566070749223e+00 1.171891702416706149e+00
2.300971181828461720e+00 1.156266885491573193e+00
2.331650797586174662e+00 1.140314574300077766e+00
2.362330413343887603e+00 1.123939773287344623e+00
2.393010029101600544e+00 1.107112483687263005e+00
2.423689644859313042e+00 1.089915199072097884e+00
2.454369260617025983e+00 1.072505419578147823e+00
2.485048876374738924e+00 1.055138136067852894e+00
2.515728492132451422e+00 1.038088337977239206e+00
2.546408107890164363e+00 1.021648513894579224e+00
2.577087723647877304e+00 1.006050407337337083e+00
2.607767339405590246e+00 9.914565156034814697e-01
2.638446955163302743e+00 9.779015952660180533e-01
2.669126570921015684e+00 9.653201562241604528e-01
2.699806186678728626e+00 9.535442136789860079e-01
2.730485802436441567e+00 9.423420326648100920e-01
2.761165418194154064e+00 9.314636246145663323e-01
2.791845033951867006e+00 9.206909937416891676e-01
2.822524649709579947e+00 9.098753482770581824e-01
2.853204265467292888e+00 8.989769801492152324e-01
2.883883881225005386e+00 8.880453789838332890e-01
2.914563496982718327e+00 8.772080440937771728e-01
2.945243112740431268e+00 8.666284683467114780e-01
2.975922728498143766e+00 8.564603920749848109e-01
3.006602344255856707e+00 8.468138065992231178e-01
3.037281960013569648e+00 8.377392065881543726e-01
3.067961575771282590e+00 8.292333401864711018e-01
3.098641191528995087e+00 8.212544586132930480e-01
3.129320807286708028e+00 8.137518137885849656e-01
3.160000423044420970e+00 8.066751577830727493e-01
3.190680038802133911e+00 7.999874919875744617e-01
3.221359654559846408e+00 7.936523213314776726e-01
3.252039270317559350e+00 7.876268933083946377e-01
3.282718886075272291e+00 7.818479598230443361e-01
3.313398501832985232e+00 7.762405238256694373e-01
3.344078117590697730e+00 7.707280882262476096e-01
3.374757733348410671e+00 7.652539044399434554e-01
3.405437349106123612e+00 7.597887222228734139e-01
3.436116964863836554e+00 7.543545376039340056e-01
3.466796580621549051e+00 7.489983469702030661e-01
3.497476196379261992e+00 7.437826466341219689e-01
3.528155812136974934e+00 7.387629352029145835e-01
3.558835427894687431e+00 7.339749635345578227e-01
3.589515043652400372e+00 7.294052792903480409e-01
3.620194659410113314e+00 7.250213537498408911e-01
3.650874275167826255e+00 7.207661678428167740e-01
3.681553890925538752e+00 7.165884753020963505e-01
3.712233506683251694e+00 7.124512807753775601e-01
3.742913122440964635e+00 7.083460867447347598e-01
3.773592738198677576e+00 7.042856429096183701e-01
3.804272353956390074e+00 7.002846994447304851e-01
3.834951969714103015e+00 6.963675044759075616e-01
3.865631585471815956e+00 6.925433074359728103e-01
3.896311201229528898e+00 6.888171083426195551e-01
3.926990816987241395e+00 6.851991573566292848e-01
3.957670432744954336e+00 6.817202036752733063e-01
3.988350048502667278e+00 6.784359952449838804e-01
4.019029664260379775e+00 6.754282829146297518e-01
4.049709280018092272e+00 6.727958117781086544e-01
4.080388895775804770e+00 6.706145785068131637e-01
4.111068511533518155e+00 6.689233320524424764e-01
4.141748127291230652e+00 6.677093241026220705e-01
4.172427743048944038e+00 6.669080589433519224e-01
4.203107358806656535e+00 6.664215418820260695e-01
4.233786974564369032e+00 6.661375280059881332e-01
4.264466590322082418e+00 6.659757679763822491e-01
4.295146206079794915e+00 6.658967597692209139e-01
4.325825821837507412e+00 6.659102481614995739e-01
4.356505437595220798e+00 6.660732257603657613e-01
4.387185053352933295e+00 6.664614374010520148e-01
4.417864669110646680e+00 6.671391555736101431e-01
4.448544284868359178e+00 6.681614420718776648e-01
4.479223900626071675e+00 6.695367162635250669e-01
4.509903516383785060e+00 6.712377269660687595e-01
4.540583132141497558e+00 6.732179739103435478e-01
4.571262747899210055e+00 6.754112086226934375e-01
4.601942363656923440e+00 6.777404352288838307e-01
4.632621979414635938e+00 6.801446567789296571e-01
4.663301595172348435e+00 6.825746257732043798e-01
4.693981210930061820e+00 6.849935950726137035e-01
4.724660826687774318e+00 6.874023151474695226e-01
4.755340442445487703e+00 6.898200358152988265e-01
4.786020058203200200e+00 6.923035049912849015e-01
4.816699673960912698e+00 6.949344720401291475e-01
4.847379289718626083e+00 6.977941837931174174e-01
4.878058905476338580e+00 7.009638869176540998e-01
4.908738521234051078e+00 7.044940798431065243e-01
4.939418136991764463e+00 7.083962630402903526e-01
4.970097752749476960e+00 7.126406890986034526e-01
5.000777368507189458e+00 7.171623621593020692e-01
5.031456984264902843e+00 7.218720370482928361e-01
5.062136600022615340e+00 7.266874663431847070e-01
5.092816215780328726e+00 7.315409013458221699e-01
5.123495831538041223e+00 7.363918408993167519e-01
5.154175447295753720e+00 7.412347813315949274e-01
5.184855063053467106e+00 7.460943094614489457e-01
5.215534678811179603e+00 7.509992620987342438e-01
5.246214294568892100e+00 7.559964681994572056e-01
5.276893910326605486e+00 7.611271759588381647e-01
5.307573526084317983e+00 7.664306336148254406e-01
5.338253141842031368e+00 7.719435890441773696e-01
5.368932757599743866e+00 7.776955404643827174e-01
5.399612373357456363e+00 7.837084866620521728e-01
5.430291989115169748e+00 7.899994255883067140e-01
5.460971604872882246e+00 7.965636069900582372e-01
5.491651220630594743e+00 8.033880306893366186e-01
5.522330836388308128e+00 8.104429476676181521e-01
5.553010452146020626e+00 8.176936092342342866e-01
5.583690067903733123e+00 8.251055167009321289e-01
5.614369683661446508e+00 8.326511721964914292e-01
5.645049299419159006e+00 8.403115750717231602e-01
5.675728915176872391e+00 8.480764754350852419e-01
5.706408530934584888e+00 8.559386235280457278e-01
5.737088146692297386e+00 8.638857699250442890e-01
5.767767762450010771e+00 8.719011654145392143e-01
5.798447378207723268e+00 8.799620611386067548e-01
5.829126993965435766e+00 8.880432081969744651e-01
5.859806609723149151e+00 8.961198574830977481e-01
5.890486225480861648e+00 9.041770087273687251e-01
5.921165841238574146e+00 9.122136605956359112e-01
5.951845456996287531e+00 9.202465604971047375e-01
5.982525072754000028e+00 9.283130960655252562e-01
6.013204688511713414e+00 9.364540134377636882e-01
6.043884304269425911e+00 9.447214331129096809e-01
6.074563920027138408e+00 9.531543505910614611e-01
6.105243535784851794e+00 9.617680115537023955e-01
6.135923151542564291e+00 9.705451626941228316e-01
6.166602767300276788e+00 9.794300534010288439e-01
6.197282383057990174e+00 9.883369356923131788e-01
6.227961998815702671e+00 9.971645637793898898e-01
6.258641614573416057e+00 1.005817943113043178e+00
6.289321230331128554e+00 1.014237827433300820e+00
6.320000846088841051e+00 1.022402719037178054e+00
6.350680461846554437e+00 1.030345117531518140e+00
6.381360077604266934e+00 1.038152519666661666e+00
6.412039693361979431e+00 1.045927422291049069e+00
6.442719309119692817e+00 1.053787323001329490e+00
6.473398924877405314e+00 1.061822218428616349e+00
6.504078540635117811e+00 1.070072107569743025e+00
6.534758156392831197e+00 1.078529491776152760e+00
6.565437772150543694e+00 1.087146874234267147e+00
6.596117387908257079e+00 1.095819261624327190e+00
6.626797003665969577e+00 1.104451656914813507e+00
6.657476619423682074e+00 1.112934065327946032e+00
6.688156235181395459e+00 1.121188987008553628e+00
6.718835850939107956e+00 1.129146423854235692e+00
6.749515466696820454e+00 1.136768873692845849e+00
6.780195082454533839e+00 1.144033641398687573e+00
6.810874698212246336e+00 1.150923495766790428e+00
6.841554313969959722e+00 1.157425859138085267e+00
6.872233929727672219e+00 1.163535733621748447e+00
6.902913545485384716e+00 1.169263120575505521e+00
6.933593161243098102e+00 1.174633020348032852e+00
6.964272777000810599e+00 1.179682932888082680e+00
6.994952392758523096e+00 1.184465356613049192e+00
7.025632008516236482e+00 1.189037787071176577e+00
7.056311624273948979e+00 1.193422723284725429e+00
7.086991240031661476e+00 1.197640162986560730e+00
7.117670855789374862e+00 1.201672606624996087e+00
7.148350471547087359e+00 1.205495054755101103e+00
7.179030087304800745e+00 1.209057509312417400e+00
7.209709703062513242e+00 1.212329968326990803e+00
7.240389318820225739e+00 1.215297434113397079e+00
7.271068934577939125e+00 1.217954907713196810e+00
7.301748550335651622e+00 1.220319888251102380e+00
7.332428166093364119e+00 1.222424874172963749e+00
7.363107781851077505e+00 1.224299864438421315e+00
7.393787397608790002e+00 1.225962358980593692e+00
7.424467013366502499e+00 1.227439856168481391e+00
7.455146629124215885e+00 1.228739857166280425e+00
7.485826244881928382e+00 1.229849864140121873e+00
7.516505860639641767e+00 1.230754877896964583e+00
7.547185476397354265e+00 1.231419901949290630e+00
7.577865092155066762e+00 1.231807438012062716e+00
7.608544707912780147e+00 1.231864951278933917e+00
7.639224323670492645e+00 1.231547395360973240e+00
7.669903939428205142e+00 1.230804849125549438e+00
7.700583555185918527e+00 1.229629813144155870e+00
7.731263170943631025e+00 1.228017289930152245e+00
7.761942786701344410e+00 1.225984782686344143e+00
7.792622402459056907e+00 1.223592287396468858e+00
7.823302018216769405e+00 1.220877304296124732e+00
7.853981633974482790e+00 1.217902330371293251e+00
7.884661249732195287e+00 1.214717363437836095e+00
7.915340865489907785e+00 1.211364901546291284e+00
7.946020481247621170e+00 1.207874943647911481e+00
7.976700097005333667e+00 1.204282488364418979e+00
8.007379712763047053e+00 1.200602534453454551e+00
8.038059328520759550e+00 1.196852582074548366e+00
8.068738944278472047e+00 1.193030131535056659e+00
8.099418560036184545e+00 1.189120183515597118e+00
8.130098175793897042e+00 1.185097739174349796e+00
8.160777791551611315e+00 1.180925300350420315e+00
8.191457407309323813e+00 1.176557869086588104e+00
8.222137023067036310e+00 1.171980444162667556e+00
8.252816638824748807e+00 1.167175526416136755e+00
8.283496254582461304e+00 1.162175610400511427e+00
8.314175870340175578e+00 1.157008195567703623e+00
8.344855486097888075e+00 1.151723277574076443e+00
8.375535101855600573e+00 1.146365855339264161e+00
8.406214717613313070e+00 1.140959163884537331e+00
8.436894333371025567e+00 1.135521724922636810e+00
8.467573949128738064e+00 1.130034286891355766e+00
8.498253564886452338e+00 1.124494348141688693e+00
8.528933180644164835e+00 1.118884411145409041e+00
8.559612796401877333e+00 1.113204476813990151e+00
8.590292412159589830e+00 1.107464545557938829e+00
8.620972027917302327e+00 1.101684617286793344e+00
8.651651643675016601e+00 1.095894690739438460e+00
8.682331259432729098e+00 1.090122264677375608e+00
8.713010875190441595e+00 1.084389837969957471e+00
8.743690490948154093e+00 1.078709910067515709e+00
8.774370106705866590e+00 1.073089980670865140e+00
8.805049722463580864e+00 1.067532550274075787e+00
8.835729338221293361e+00 1.062035118583065207e+00
8.866408953979005858e+00 1.056585185815333228e+00
8.897088569736718355e+00 1.051187751624708788e+00
8.927768185494430853e+00 1.045827817006188099e+00
8.958447801252143350e+00 1.040505381448352695e+00
8.989127417009857623e+00 1.035225444530246008e+00
9.019807032767570121e+00 1.029988006547583268e+00
9.050486648525282618e+00 1.024798066954164977e+00
9.081166264282995115e+00 1.019648127084177958e+00
9.111845880040707613e+00 1.014543185540814463e+00
9.142525495798421886e+00 1.009478243604335024e+00
9.173205111556134383e+00 1.004445801860943677e+00
9.203884727313846881e+00 9.994459852784021159e-01
9.234564343071559378e+00 9.944830533815143259e-01
9.265243958829271875e+00 9.895621221745820595e-01
9.295923574586984373e+00 9.846966912668878580e-01
9.326603190344698646e+00 9.799012603476009442e-01
9.357282806102411143e+00 9.751925789703088654e-01
9.387962421860123641e+00 9.705893961937066550e-01
9.418642037617836138e+00 9.661074616584799379e-01
9.449321653375548635e+00 9.617660244392646218e-01
9.480001269133262909e+00 9.575805839019774224e-01
9.510680884890975406e+00 9.535653892660470587e-01
9.541360500648687903e+00 9.497261901848836896e-01
9.572040116406400401e+00 9.460607366927525907e-01
9.602719732164112898e+00 9.425535306182338813e-01
9.633399347921825395e+00 9.391803216956552403e-01
9.664078963679539669e+00 9.359093604890555973e-01
9.694758579437252166e+00 9.327103981219111439e-01
9.725438195194964663e+00 9.295611852601779468e-01
9.756117810952677161e+00 9.264529717766083472e-01
9.786797426710389658e+00 9.233935066160221528e-01
9.817477042468103932e+00 9.204017884027395624e-01
9.848156658225816429e+00 9.175058154425697055e-01
9.878836273983528926e+00 9.147285872907185977e-01
9.909515889741241423e+00 9.120876038198624247e-01
9.940195505498953921e+00 9.095838667896674057e-01
9.970875121256666418e+00 9.072051209886765610e-01
1.000155473701438069e+01 9.049345997997085833e-01
1.003223435277209319e+01 9.027338570552727592e-01
1.006291396852980569e+01 9.005967968867163442e-01
1.009359358428751818e+01 8.985034377626620605e-01
1.012427320004523068e+01 8.964495441565811795e-01
1.015495281580294495e+01 8.944430858003790119e-01
1.018563243156065745e+01 8.924857544554369859e-01
1.021631204731836995e+01 8.905980358922606088e-01
1.024699166307608245e+01 8.887794941732019005e-01
1.027767127883379494e+01 8.870311367322565310e-01
1.030835089459150922e+01 8.853506896007941052e-01
1.033903051034922171e+01 8.837374854145859659e-01
1.036971012610693421e+01 8.822145331106069355e-01
1.040038974186464671e+01 8.807999729768921648e-01
1.043106935762235921e+01 8.795295188639276063e-01
1.046174897338007170e+01 8.784345970003983872e-01
1.049242858913778598e+01 8.775558916659851327e-01
1.052310820489549847e+01 8.769031348775656598e-01
1.055378782065321097e+01 8.764726708877403905e-01
1.058446743641092347e+01 8.762412455527971433e-01
1.061514705216863597e+01 8.761718285480014634e-01
1.064582666792635024e+01 8.762231211783625406e-01
1.067650628368406274e+01 8.763625424199844582e-01
1.070718589944177523e+01 8.765696548097493546e-01
1.073786551519948773e+01 8.768394467134809078e-01
1.076854513095720023e+01 8.771791174267760116e-01
1.079922474671491273e+01 8.775989149306677728e-01
1.082990436247262700e+01 8.781133373915526175e-01
1.086058397823033950e+01 8.787279290427250089e-01
1.089126359398805199e+01 8.794419027004710676e-01
1.092194320974576449e+01 8.802527551234784475e-01
1.095262282550347699e+01 8.811439652486757756e-01
1.098330244126119126e+01 8.821053313687463593e-01
1.101398205701890376e+01 8.831279019493353255e-01
1.104466167277661626e+01 8.842051541776283496e-01
1.107534128853432875e+01 8.853395967365597086e-01
1.110602090429204125e+01 8.865261016626473367e-01
1.113670052004975375e+01 8.877760224112646315e-01
1.116738013580746802e+01 8.890981439632991146e-01
1.119805975156518052e+01 8.905026573558586511e-01
1.122873936732289302e+01 8.920010337646289145e-01
1.125941898308060551e+01 8.935860352580686783e-01
1.129009859883831801e+01 8.952591735864837696e-01
1.132077821459603229e+01 8.970145035484667906e-01
1.135145783035374478e+01 8.988404900818852683e-01
1.138213744611145728e+01 9.007386382568806082e-01
1.141281706186916978e+01 9.026953777784368915e-01
1.144349667762688227e+01 9.047232803933012990e-01
1.147417629338459477e+01 9.068356177570582322e-01
1.150485590914230905e+01 9.090490688517984808e-01
1.153553552490002154e+01 9.113883495135604029e-01
1.156621514065773404e+01 9.138492796814871033e-01
1.159689475641544654e+01 9.164423068146247964e-01
1.162757437217315903e+01 9.191582312694985823e-01
1.165825398793087331e+01 9.219787697372927582e-01
1.168893360368858581e+01 9.248884823026838342e-01
1.171961321944629830e+01 9.278395321140505692e-01
1.175029283520401080e+01 9.308150551081415536e-01
1.178097245096172330e+01 9.337928260831659388e-01
1.181165206671943579e+01 9.367573682711142213e-01
1.184233168247715007e+01 9.397090098353292342e-01
1.187301129823486256e+01 9.426235625677071850e-01
1.190369091399257506e+01 9.455088954861583517e-01
1.193437052975028756e+01 9.483677538430989040e-01
1.196505014550800006e+01 9.512171372344369047e-01
1.199572976126571433e+01 9.540542749714367998e-01
1.202640937702342683e+01 9.569148917335469351e-01
1.205708899278113932e+01 9.598324532385842378e-01
1.208776860853885182e+01 9.628454170926592504e-01
1.211844822429656432e+01 9.659971652619927518e-01
1.214912784005427859e+01 9.692833586549206570e-01
1.217980745581199109e+01 9.727091088755409620e-01
1.221048707156970359e+01 9.762432607037868637e-01
1.224116668732741608e+01 9.798323528513491754e-01
1.227184630308512858e+01 9.834217852633895252e-01
1.230252591884284108e+01 9.869236014948434832e-01
1.233320553460055535e+01 9.902988312231983947e-01
1.236388515035826785e+01 9.935206905457673043e-01
1.239456476611598035e+01 9.965887266115979193e-01
1.242524438187369284e+01 9.995356103831393169e-01
1.245592399763140534e+01 1.002376934996064728e+00
1.248660361338911962e+01 1.005170325440420731e+00
1.251728322914683211e+01 1.007933489530651094e+00
1.254796284490454461e+01 1.010699150595222529e+00
1.257864246066225711e+01 1.013476334598895967e+00
1.260932207641996960e+01 1.016246990113754745e+00
1.264000169217768210e+01 1.019012652130631746e+00
1.267068130793539638e+01 1.021770819540771758e+00
1.270136092369310887e+01 1.024521496497240669e+00
1.273204053945082137e+01 1.027281141287806010e+00
1.276272015520853387e+01 1.030036813640507365e+00
1.279339977096624636e+01 1.032797479390692441e+00
1.282407938672396064e+01 1.035573135069244533e+00
1.285475900248167314e+01 1.038351287521142030e+00
1.288543861823938563e+01 1.041140993881429777e+00
1.291611823399709813e+01 1.043916639277914893e+00
1.294679784975481063e+01 1.046674806688054682e+00
1.297747746551252312e+01 1.049417985108530349e+00
1.300815708127023740e+01 1.052151176458439696e+00
1.303883669702794990e+01 1.054865682600551136e+00
1.306951631278566239e+01 1.057526380210448202e+00
1.310019592854337489e+01 1.060122155517635889e+00
1.313087554430108739e+01 1.062610516459599586e+00
1.316155516005880166e+01 1.064949082232494959e+00
1.319223477581651416e+01 1.067117223046902375e+00
1.322291439157422666e+01 1.069078321538561527e+00
1.325359400733193915e+01 1.070829657910397970e+00
1.328427362308965165e+01 1.072386161822870720e+00
1.331495323884736415e+01 1.073762901840789485e+00
1.334563285460507842e+01 1.075006203955397810e+00
1.337631247036279092e+01 1.076130423464273900e+00
1.340699208612050342e+01 1.077172231263212598e+00
1.343767170187821591e+01 1.078151596672333845e+00
1.346835131763592841e+01 1.079081025257375037e+00
1.349903093339364268e+01 1.079960831271979060e+00
1.352971054915135518e+01 1.080785262869732533e+00
1.356039016490906768e+01 1.081549754923629925e+00
1.359106978066678018e+01 1.082244315881544239e+00
1.362174939642449267e+01 1.082863360817169607e+00
1.365242901218220695e+01 1.083397929985111086e+00
1.368310862793991944e+01 1.083852605390145607e+00
1.371378824369763194e+01 1.084227356396957997e+00
1.374446785945534444e+01 1.084527185923016557e+00
1.377514747521305694e+01 1.084755243561760674e+00
1.380582709097076943e+01 1.084912570595363501e+00
1.383650670672848371e+01 1.084992501092301165e+00
1.386718632248619620e+01 1.084997497772391961e+00
1.389786593824390870e+01 1.084907599855310822e+00
1.392854555400162120e+01 1.084722080814154221e+00
1.395922516975933370e+01 1.084439694601454285e+00
1.398990478551704797e+01 1.084067430243684793e+00
1.402058440127476047e+01 1.083620227375555300e+00
1.405126401703247296e+01 1.083113094832443668e+00
1.408194363279018546e+01 1.082566686326632333e+00
1.411262324854789796e+01 1.081994549417394147e+00
1.414330286430561046e+01 1.081399941687589461e+00
1.417398248006332473e+01 1.080775356676235255e+00
1.420466209582103723e+01 1.080098336484731192e+00
1.423534171157874972e+01 1.079341334929030172e+00
1.426602132733646222e+01 1.078484312245501675e+00
1.429670094309417472e+01 1.077494965286761586e+00
1.432738055885188899e+01 1.076365715586233396e+00
1.435806017460960149e+01 1.075096647499863334e+00
1.438873979036731399e+01 1.073693042884213300e+00
1.441941940612502648e+01 1.072183988605861948e+00
1.445009902188273898e+01 1.070585050976795349e+00
1.448077863764045148e+01 1.068911165535903818e+00
1.451145825339816575e+01 1.067162379692287111e+00
1.454213786915587825e+01 1.065335143971083864e+00
1.457281748491359075e+01 1.063426359493828466e+00
1.460349710067130324e+01 1.061425189117449985e+00
1.463417671642901574e+01 1.059331588895153553e+00
1.466485633218673001e+01 1.057155597285452497e+00
1.469553594794444251e+01 1.054912341959808098e+00
1.472621556370215501e+01 1.052643849198570125e+00
1.475689517945986751e+01 1.050375356437332375e+00
1.478757479521758000e+01 1.048129345203533846e+00
1.481825441097529250e+01 1.045913292953169149e+00
1.484893402673300677e+01 1.043725108707607152e+00
1.487961364249071927e+01 1.041569053468885064e+00
1.491029325824843177e+01 1.039440467750190056e+00
1.494097287400614427e+01 1.037326868777752598e+00
1.497165248976385676e+01 1.035238234410212899e+00
1.500233210552157104e+01 1.033175387519427613e+00
1.503301172127928353e+01 1.031156748807264156e+00
1.506369133703699603e+01 1.029190555191521694e+00
1.509437095279470853e+01 1.027261826094664654e+00
1.512505056855242103e+01 1.025370547199170757e+00
1.515573018431013530e+01 1.023495649121699325e+00
1.518640980006784780e+01 1.021614392683092065e+00
1.521708941582556029e+01 1.019713155908529734e+00
1.524776903158327279e+01 1.017774456961838769e+00
1.527844864734098529e+01 1.015776755523431163e+00
1.530912826309869779e+01 1.013730566693574531e+00
1.533980787885641206e+01 1.011631950789813494e+00
1.537048749461412456e+01 1.009493371710937115e+00
1.540116711037183705e+01 1.007319830128379667e+00
1.543184672612954955e+01 1.005119140132541444e+00
1.546252634188726205e+01 1.002913115096389474e+00
1.549320595764497632e+01 1.000717826803443566e+00
1.552388557340268882e+01 9.985385247818268084e-01
1.555456518916040132e+01 9.963929344909648878e-01
1.558524480491811381e+01 9.942847577757861766e-01
1.561592442067582631e+01 9.922359148435910825e-01
1.564660403643353881e+01 9.902444954220052109e-01
1.567728365219125308e+01 9.883095310568302816e-01
1.570796326794896558e+01 9.864250062692260235e-01
1.573864288370667808e+01 9.845752139944795589e-01
1.576932249946439057e+01 9.827609339279094192e-01
1.580000211522210307e+01 9.809663772723332675e-01
1.583068173097981735e+01 9.791863099899740241e-01
1.586136134673752984e+01 9.774214735068899040e-01
1.589204096249524234e+01 9.756742220449510228e-01
1.592272057825295484e+01 9.739681391430062840e-01
1.595340019401066733e+01 9.723119899424111923e-01
1.598407980976837983e+01 9.707215466694990580e-01
1.601475942552609411e+01 9.692065036124574151e-01
1.604543904128380660e+01 9.677695351084295572e-01
1.607611865704151910e+01 9.664219797133509759e-01
1.610679827279923160e+01 9.651553213103248874e-01
1.613747788855694409e+01 9.639628594292972696e-01
1.616815750431465659e+01 9.628355614049859401e-01
1.619883712007236909e+01 9.617582518829086435e-01
1.622951673583008159e+01 9.607267049952402660e-01
1.626019635158779764e+01 9.597276188110782646e-01
1.629087596734551013e+01 9.587552616864111199e-01
1.632155558310322263e+01 9.578073722940259049e-01
1.635223519886093513e+01 9.568862410424228138e-01
1.638291481461864763e+01 9.560068493538392831e-01
1.641359443037636012e+01 9.551771506247564991e-01
1.644427404613407262e+01 9.544076509601551184e-01
1.647495366189178512e+01 9.537058099653581422e-01
1.650563327764949761e+01 9.530721345802768418e-01
1.653631289340721011e+01 9.525047852848718133e-01
1.656699250916492261e+01 9.519938747455841677e-01
1.659767212492263866e+01 9.515289224390796052e-01
1.662835174068035116e+01 9.510984271238417387e-01
1.665903135643806365e+01 9.506938631514358917e-01
1.668971097219577615e+01 9.503153733908680234e-01
1.672039058795348865e+01 9.499613586064324933e-01
1.675107020371120115e+01 9.496348171315103226e-01
1.678174981946891364e+01 9.493375691508469938e-01
1.681242943522662614e+01 9.490722732432866904e-01
1.684310905098433864e+01 9.488359380877292582e-01
1.687378866674205113e+01 9.486260775239142573e-01
1.690446828249976363e+01 9.484381942309459967e-01
1.693514789825747968e+01 9.482707741604960994e-01
1.696582751401519218e+01 9.481261451420268660e-01
1.699650712977290468e+01 9.480092314207871906e-01
1.702718674553061717e+01 9.479292845393340050e-01
1.705786636128832967e+01 9.478962861588758892e-01
1.708854597704604217e+01 9.479241467671176702e-01
1.711922559280375467e+01 9.480221485966537909e-01
1.714990520856146716e+01 9.482002948326503367e-01
1.718058482431917966e+01 9.484643693754508664e-01
1.721126444007689216e+01 9.488175905396475374e-01
1.724194405583460465e+01 9.492607544741056280e-01
1.727262367159232070e+01 9.497862137935758620e-01
1.730330328735003320e+01 9.503873210742210809e-01
1.733398290310774570e+01 9.510506303562791253e-01
1.736466251886545820e+01 9.517611319515746349e-01
1.739534213462317069e+01 9.525027831217457441e-01
1.742602175038088319e+01 9.532550329551798818e-01
1.745670136613859569e+01 9.540067831188484559e-01
1.748738098189630819e+01 9.547505389503688766e-01
1.751806059765402068e+01 9.554873037661376634e-01
1.754874021341173318e+01 9.562292428914036524e-01
1.757941982916944923e+01 9.569867639759475075e-01
1.761009944492716173e+01 9.577819856124034636e-01
1.764077906068487422e+01 9.586329192238818298e-01
1.767145867644258672e+01 9.595540092837443469e-01
1.770213829220029922e+01 9.605530830550185195e-01
1.773281790795801172e+01 9.616211584237004395e-01
1.776349752371572421e+01 9.627491589542059858e-01
1.779417713947343671e+01 9.639211267204388367e-01
1.782485675523114921e+01 9.651175635244459983e-01
1.785553637098886171e+01 9.663254201864136528e-01
1.788621598674657420e+01 9.675233669478177090e-01
1.791689560250429025e+01 9.687073302953406184e-01
1.794757521826200275e+01 9.698773049439817218e-01
1.797825483401971525e+01 9.710392893568867700e-01
1.800893444977742774e+01 9.722080777752163394e-01
1.803961406553514024e+01 9.733905557489942462e-01
1.807029368129285274e+01 9.746027503390303215e-01
1.810097329705056524e+01 9.758549101369499157e-01
1.813165291280827773e+01 9.771492633653069415e-01
1.816233252856599023e+01 9.784856917995495840e-01
1.819301214432370273e+01 9.798455443188733849e-01
1.822369176008141523e+01 9.812206306798705313e-01
1.825437137583913128e+01 9.825979649430058860e-01
1.828505099159684377e+01 9.839670629800547630e-01
1.831573060735455627e+01 9.853275889471390103e-01
1.834641022311226877e+01 9.866696930570316715e-01
1.837708983886998126e+01 9.879993096292023491e-01
1.840776945462769376e+01 9.893201849073013365e-01
1.843844907038540626e+01 9.906406054711782705e-01
1.846912868614311876e+01 9.919569841115154496e-01
1.849980830190083125e+01 9.932768594560807962e-01
1.853048791765854375e+01 9.946052268582287192e-01
1.856116753341625625e+01 9.959455815698551318e-01
1.859184714917397230e+01 9.973046021313314302e-01
1.862252676493168480e+01 9.986724498448611431e-01
1.865320638068939729e+01 1.000047784221262281e+00
1.868388599644710979e+01 1.001414376226104741e+00
1.871456561220482229e+01 1.002763487833111089e+00
1.874524522796253478e+01 1.004074348895537039e+00
1.877592484372024728e+01 1.005328456928312297e+00
1.880660445947795978e+01 1.006510161601603670e+00
1.883728407523567228e+01 1.007621922921813962e+00
1.886796369099338477e+01 1.008658772944808879e+00
1.889864330675109727e+01 1.009648843637798832e+00
1.892932292250881332e+01 1.010600711195102530e+00
1.896000253826652582e+01 1.011552580819398361e+00
1.899068215402423832e+01 1.012529431777156042e+00
1.902136176978195081e+01 1.013556220470714919e+00
1.905204138553966331e+01 1.014646540162184474e+00
1.908272100129737581e+01 1.015788312346600497e+00
1.911340061705508830e+01 1.016975024018919482e+00
1.914408023281280080e+01 1.018169230560628469e+00
1.917475984857051330e+01 1.019343463259620775e+00
1.920543946432822580e+01 1.020471365825691867e+00
1.923611908008593829e+01 1.021533113732405962e+00
1.926679869584365434e+01 1.022519958050345679e+00
1.929747831160136684e+01 1.023439350054503372e+00
1.932815792735907934e+01 1.024293828270098183e+00
1.935883754311679184e+01 1.025100917177120374e+00
1.938951715887450433e+01 1.025850392641997955e+00
1.942019677463221683e+01 1.026552426194760281e+00
1.945087639038992933e+01 1.027194505890082432e+00
1.948155600614764182e+01 1.027784154515540838e+00
1.951223562190535432e+01 1.028318077260518271e+00
1.954291523766306682e+01 1.028815237002739913e+00
1.957359485342077932e+01 1.029292419951414406e+00
1.960427446917849537e+01 1.029779594583860591e+00
1.963495408493620786e+01 1.030294229763587976e+00
1.966563370069392036e+01 1.030853161389839956e+00
1.969631331645163286e+01 1.031455271100399695e+00
1.972699293220934535e+01 1.032079856111753680e+00
1.975767254796705785e+01 1.032701943358615537e+00
1.978835216372477035e+01 1.033279100148242868e+00
1.981903177948248285e+01 1.033775406301201238e+00
1.984971139524019534e+01 1.034167596506920139e+00
1.988039101099790784e+01 1.034427423871643548e+00
1.991107062675562034e+01 1.034559873226225335e+00
1.994175024251333639e+01 1.034587393623343177e+00
1.997242985827104889e+01 1.034522385721601045e+00
2.000310947402876138e+01 1.034404957567460759e+00
2.003378908978647388e+01 1.034267548864962860e+00
2.006446870554418638e+01 1.034117652904507301e+00
2.009514832130189887e+01 1.033979795382109268e+00
2.012582793705961137e+01 1.033849881699747675e+00
2.015650755281732387e+01 1.033719964942134695e+00
2.018718716857503637e+01 1.033577559559545778e+00
2.021786678433274886e+01 1.033410181225546065e+00
2.024854640009046136e+01 1.033202133484627527e+00
2.027922601584817741e+01 1.032959758484797153e+00
2.030990563160588991e+01 1.032674941757822040e+00
2.034058524736360241e+01 1.032357652572053919e+00
2.037126486312131490e+01 1.032017889138070466e+00
2.040194447887902740e+01 1.031667000155919611e+00
2.043262409463673990e+01 1.031322237078068138e+00
2.046330371039445239e+01 1.030987460116281396e+00
2.049398332615216489e+01 1.030657679230286172e+00
2.052466294190987739e+01 1.030332892308771786e+00
2.055534255766758989e+01 1.029997018280472521e+00
2.058602217342530594e+01 1.029649723735010403e+00
2.061670178918301843e+01 1.029267475813975485e+00
2.064738140494073093e+01 1.028852751366436280e+00
2.067806102069844343e+01 1.028393084054681106e+00
2.070874063645615593e+01 1.027896785221943832e+00
2.073942025221386842e+01 1.027357128929305974e+00
2.077009986797158092e+01 1.026795002419087277e+00
2.080077948372929342e+01 1.026195400969460048e+00
2.083145909948700591e+01 1.025558349318470119e+00
2.086213871524471841e+01 1.024891610936562669e+00
2.089281833100243091e+01 1.024187046203197227e+00
2.092349794676014696e+01 1.023427550829390409e+00
2.095417756251785946e+01 1.022620590171557708e+00
2.098485717827557195e+01 1.021753710027555107e+00
2.101553679403328445e+01 1.020838855429909264e+00
2.104621640979099695e+01 1.019884476169538257e+00
2.107689602554870945e+01 1.018905126871734845e+00
2.110757564130642194e+01 1.017918283524752887e+00
2.113825525706413444e+01 1.016946417345443887e+00
2.116893487282184694e+01 1.015998969150298858e+00
2.119961448857955943e+01 1.015092087051885583e+00
2.123029410433727193e+01 1.014217668035989783e+00
2.126097372009498798e+01 1.013368227619519724e+00
2.129165333585270048e+01 1.012541257803970307e+00
2.132233295161041298e+01 1.011724127909333415e+00
2.135301256736812547e+01 1.010912166371171983e+00
2.138369218312583797e+01 1.010097707516366405e+00
2.141437179888355047e+01 1.009278253254576319e+00
2.144505141464126297e+01 1.008458797719679723e+00
2.147573103039897546e+01 1.007634166121200270e+00
2.150641064615668796e+01 1.006809713906212655e+00
2.153709026191440046e+01 1.005985261691225485e+00
2.156776987767211295e+01 1.005158311929196469e+00
2.159844949342982900e+01 1.004333669964833531e+00
2.162912910918754150e+01 1.003509220120301082e+00
2.165980872494525400e+01 1.002687264113858001e+00
2.169048834070296650e+01 1.001857815218779590e+00
2.172116795646067899e+01 1.001015879370745099e+00
2.175184757221839149e+01 1.000159908447945556e+00
2.178252718797610399e+01 9.992947288622087143e-01
2.181320680373381649e+01 9.984245579108701474e-01
2.184388641949152898e+01 9.975583834171243280e-01
2.187456603524924148e+01 9.967086906687078196e-01
2.190524565100695398e+01 9.958828219214899136e-01
2.193592526676467003e+01 9.950911224459914051e-01
2.196660488252238252e+01 9.943291324695751054e-01
2.199728449828009502e+01 9.935906231521501875e-01
2.202796411403780752e+01 9.928675957164052601e-01
2.205864372979552002e+01 9.921514925766161674e-01
2.208932334555323251e+01 9.914447188316308779e-01
2.212000296131094501e+01 9.907466838528018460e-01
2.215068257706865751e+01 9.900613891783441867e-01
2.218136219282637001e+01 9.893943220289380669e-01
2.221204180858408250e+01 9.887458991885047510e-01
2.224272142434179500e+01 9.881215776194505196e-01
2.227340104009951105e+01 9.875167300619359656e-01
2.230408065585722355e+01 9.869286208152450168e-01
2.233476027161493604e+01 9.863547431278540945e-01
2.236543988737264854e+01 9.857940441754009520e-01
2.239611950313036104e+01 9.852511677479746099e-01
2.242679911888807354e+01 9.847285150104735374e-01
2.245747873464578603e+01 9.842305951290793997e-01
2.248815835040349853e+01 9.837616366147607927e-01
2.251883796616121103e+01 9.833217466701102971e-01
2.254951758191892353e+01 9.829150333758686076e-01
2.258019719767663602e+01 9.825370345269971439e-01
2.261087681343435207e+01 9.821830175518202477e-01
2.264155642919206457e+01 9.818464779306049772e-01
2.267223604494977707e+01 9.815183707648607037e-01
2.270291566070748956e+01 9.811955859961740689e-01
2.273359527646520206e+01 9.808742994663335324e-01
2.276427489222291456e+01 9.805582586428177594e-01
2.279495450798062706e+01 9.802589438065082428e-01
2.282563412373833955e+01 9.799897574102314213e-01
2.285631373949605205e+01 9.797716816381751848e-01
2.288699335525376455e+01 9.796190330614003017e-01
2.291767297101147705e+01 9.795410686730001704e-01
2.294835258676919310e+01 9.795337611969355818e-01
2.297903220252690559e+01 9.795845875866775465e-01
2.300971181828461809e+01 9.796680338765161311e-01
2.304039143404233059e+01 9.797559754461149240e-01
2.307107104980004308e+01 9.798209387047883689e-01
2.310175066555775558e+01 9.798434533777848898e-01
2.313243028131546808e+01 9.798151770092069501e-01
2.316310989707318058e+01 9.797412165530506867e-01
2.319378951283089307e+01 9.796375354411659409e-01
2.322446912858860557e+01 9.795273608655735709e-01
2.325514874434631807e+01 9.794344142607589454e-01
2.328582836010403412e+01 9.793805002309454721e-01
2.331650797586174662e+01 9.793807653931534407e-01
2.334718759161945911e+01 9.794399760522297660e-01
2.337786720737717161e+01 9.795578739566939142e-01
2.340854682313488411e+01 9.797270699072488931e-01
2.343922643889259660e+01 9.799367053966085983e-01
2.346990605465030910e+01 9.801750507841190396e-01
2.350058567040802160e+01 9.804323798087969388e-01
2.353126528616573410e+01 9.806994478087227574e-01
2.356194490192344659e+01 9.809696394181471879e-01
2.359262451768115909e+01 9.812357068429777840e-01
2.362330413343887514e+01 9.814945337945653048e-01
2.365398374919658764e+01 9.817453671351252797e-01
2.368466336495430014e+01 9.819874609172697388e-01
2.371534298071201263e+01 9.822268381056010744e-01
2.374602259646972513e+01 9.824681860344535167e-01
2.377670221222743763e+01 9.827207696902654499e-01
2.380738182798515012e+01 9.829938382572293021e-01
2.383806144374286262e+01 9.832943722868295877e-01
2.386874105950057512e+01 9.836279868292574502e-01
2.389942067525828762e+01 9.839917643335139852e-01
2.393010029101600367e+01 9.843840039434091915e-01
2.396077990677371616e+01 9.847997277269663341e-01
2.399145952253142866e+01 9.852354251408372843e-01
2.402213913828914116e+01 9.856906052411325003e-01
2.405281875404685366e+01 9.861650552877821996e-01
2.408349836980456615e+01 9.866644734628610136e-01
2.411417798556227865e+01 9.871936203047304570e-01
2.414485760131999115e+01 9.877527272944147674e-01
2.417553721707770364e+01 9.883402294910915709e-01
2.420621683283541614e+01 9.889415799400232965e-01
2.423689644859312864e+01 9.895429303889550221e-01
2.426757606435084469e+01 9.901282933124921914e-01
2.429825568010855719e+01 9.906841969726508657e-01
2.432893529586626968e+01 9.912055567434280290e-01
2.435961491162398218e+01 9.916894728243487167e-01
2.439029452738169468e+01 9.921479182226825566e-01
2.442097414313940718e+01 9.925938741490540895e-01
2.445165375889711967e+01 9.930435721988176700e-01
2.448233337465483217e+01 9.935115329617111302e-01
2.451301299041254467e+01 9.940014677057736892e-01
2.454369260617025716e+01 9.945156260871202969e-01
2.457437222192796966e+01 9.950472686340612327e-01
2.460505183768568571e+01 9.955846563750969658e-01
2.463573145344339821e+01 9.961150199551310758e-01
2.466641106920111071e+01 9.966221719872615514e-01
2.469709068495882320e+01 9.970988552679269645e-01
2.472777030071653570e+01 9.975415714403069734e-01
2.475844991647424820e+01 9.979561418413097629e-01
2.478912953223196070e+01 9.983506270890856182e-01
2.481980914798967319e+01 9.987423708309385306e-01
2.485048876374738569e+01 9.991476015863050009e-01
2.488116837950509819e+01 9.995810532446363084e-01
2.491184799526281068e+01 1.000055044579554631e+00
2.494252761102052673e+01 1.000562992411522467e+00
2.497320722677823923e+01 1.001110133589467432e+00
2.500388684253595173e+01 1.001677256779776926e+00
2.503456645829366423e+01 1.002254369044449422e+00
2.506524607405137672e+01 1.002825829182846462e+00
2.509592568980908922e+01 1.003377937228835615e+00
2.512660530556680172e+01 1.003900083817586220e+00
2.515728492132451422e+01 1.004384761786397240e+00
2.518796453708222671e+01 1.004829485960964108e+00
2.521864415283993921e+01 1.005238042921728914e+00
2.524932376859765171e+01 1.005615276784158185e+00
2.528000338435536776e+01 1.005972538859454923e+00
2.531068300011308025e+01 1.006324804805858841e+00
2.534136261587079275e+01 1.006682064663641851e+00
2.537204223162850525e+01 1.007050529614885059e+00
2.540272184738621775e+01 1.007435286435601096e+00
2.543340146314393024e+01 1.007837519540358606e+00
2.546408107890164274e+01 1.008247247307807015e+00
2.549476069465935524e+01 1.008659471874494784e+00
2.552544031041706774e+01 1.009068012086731470e+00
2.555611992617478023e+01 1.009457736907289904e+00
2.558679954193249273e+01 1.009822494553920480e+00
2.561747915769020878e+01 1.010164767475859815e+00
2.564815877344792128e+01 1.010474583705825991e+00
2.567883838920563377e+01 1.010760318867994556e+00
2.570951800496334627e+01 1.011015139289211495e+00
2.574019762072105877e+01 1.011252481593526209e+00
2.577087723647877127e+01 1.011459846142323871e+00
2.580155685223648376e+01 1.011649732961724002e+00
2.583223646799419626e+01 1.011817684121794514e+00
2.586291608375190876e+01 1.011972570726596299e+00
2.589359569950962126e+01 1.012107481089048688e+00
2.592427531526733375e+01 1.012227403512445667e+00
2.595495493102504980e+01 1.012329849525409387e+00
2.598563454678276230e+01 1.012417578771165783e+00
2.601631416254047480e+01 1.012487527679232224e+00
2.604699377829818729e+01 1.012547487840322225e+00
2.607767339405589979e+01 1.012597456667843510e+00
2.610835300981361229e+01 1.012654911989064654e+00
2.613903262557132479e+01 1.012707558449720713e+00
2.616971224132903728e+01 1.012762519937018046e+00
2.620039185708674978e+01 1.012812486737926454e+00
2.623107147284446228e+01 1.012847467477184349e+00
2.626175108860217478e+01 1.012845003983012804e+00
2.629243070435989083e+01 1.012797384983668225e+00
2.632311032011760332e+01 1.012682441171967929e+00
2.635378993587531582e+01 1.012507557368788724e+00
2.638446955163302832e+01 1.012285220676275133e+00
2.641514916739074081e+01 1.012024579594785978e+00
2.644582878314845331e+01 1.011762272641254290e+00
2.647650839890616581e+01 1.011519946651898927e+00
2.650718801466387831e+01 1.011325076128356537e+00
2.653786763042159080e+01 1.011197634433916859e+00
2.656854724617930330e+01 1.011137503847408858e+00
2.659922686193701580e+01 1.011140041561629177e+00
2.662990647769473185e+01 1.011187514242488650e+00
2.666058609345244435e+01 1.011254969423714734e+00
2.669126570921015684e+01 1.011327419020121576e+00
2.672194532496786934e+01 1.011367481545208502e+00
2.675262494072558184e+01 1.011354930945873809e+00
2.678330455648329433e+01 1.011269976623905054e+00
2.681398417224100683e+01 1.011112581201043747e+00
2.684466378799871933e+01 1.010875280141703580e+00
2.687534340375643183e+01 1.010561987496361391e+00
2.690602301951414432e+01 1.010199705695136618e+00
2.693670263527186037e+01 1.009807465449611641e+00
2.696738225102957287e+01 1.009405232702299759e+00
2.699806186678728537e+01 1.009015484428435139e+00
2.702874148254499787e+01 1.008657074364766260e+00
2.705942109830271036e+01 1.008342311008689096e+00
2.709010071406042286e+01 1.008067494475917147e+00
2.712078032981813536e+01 1.007830152171602434e+00
2.715145994557584785e+01 1.007615280511439337e+00
2.718213956133356035e+01 1.007414735828228824e+00
2.721281917709127285e+01 1.007209859451285494e+00
2.724349879284898535e+01 1.006985008847198104e+00
2.727417840860670140e+01 1.006737674067421429e+00
2.730485802436441389e+01 1.006450393094306950e+00
2.733553764012212639e+01 1.006132077008399683e+00
2.736621725587983889e+01 1.005787299056122297e+00
2.739689687163755138e+01 1.005430036429627805e+00
2.742757648739526388e+01 1.005075271888426158e+00
2.745825610315297638e+01 1.004747968280697012e+00
2.748893571891068888e+01 1.004457226581628282e+00
2.751961533466840137e+01 1.004222405094886028e+00
2.755029495042611387e+01 1.004032531251434657e+00
2.758097456618382637e+01 1.003877628411775413e+00
2.761165418194154242e+01 1.003737708942286089e+00
2.764233379769925492e+01 1.003587293580826989e+00
2.767301341345696741e+01 1.003399896231399691e+00
2.770369302921467991e+01 1.003162553927085199e+00
2.773437264497239241e+01 1.002850278451014043e+00
2.776505226073010490e+01 1.002488063696590714e+00
2.779573187648781740e+01 1.002067035350869828e+00
2.782641149224552990e+01 1.001619833418591066e+00
2.785709110800324240e+01 1.001175128890506860e+00
2.788777072376095489e+01 1.000745410058071494e+00
2.791845033951866739e+01 1.000358198642894214e+00
2.794912995527638344e+01 1.000022228499815924e+00
2.797980957103409594e+01 9.997441794642845103e-01
2.801048918679180844e+01 9.995180796901744769e-01
2.804116880254952093e+01 9.993299413003274845e-01
2.807184841830723343e+01 9.991647543598908277e-01
2.810252803406494593e+01 9.990091054921571567e-01
2.813320764982265842e+01 9.988509577017135044e-01
2.816388726558037092e+01 9.986813204126298027e-01
2.819456688133808342e+01 9.984969490356065958e-01
2.822524649709579592e+01 9.982974285339223375e-01
2.825592611285350841e+01 9.980853096823787407e-01
2.828660572861122446e+01 9.978617065222665783e-01
2.831728534436893696e+01 9.976288612300339143e-01
2.834796496012664946e+01 9.973875256393947009e-01
2.837864457588436196e+01 9.971396362782073419e-01
2.840932419164207445e+01 9.968893039846591364e-01
2.844000380739978695e+01 9.966407200492817253e-01
2.847068342315749945e+01 9.963993804008947075e-01
2.850136303891521194e+01 9.961702760041918348e-01
2.853204265467292444e+01 9.959554714246930951e-01
2.856272227043063694e+01 9.957551110818414486e-01
2.859340188618834944e+01 9.955637383726012590e-01
2.862408150194606549e+01 9.953746140311631185e-01
2.865476111770377798e+01 9.951797469722397649e-01
2.868544073346149048e+01 9.949739650647930755e-01
2.871612034921920298e+01 9.947593555006583044e-01
2.874679996497691548e+01 9.945415002486981404e-01
2.877747958073462797e+01 9.943298908397211200e-01
2.880815919649234047e+01 9.941362575139938151e-01
2.883883881225005297e+01 9.939678261666324843e-01
2.886951842800776546e+01 9.938304345715684995e-01
2.890019804376547796e+01 9.937215069455883620e-01
2.893087765952319046e+01 9.936320651294031636e-01
2.896155727528090651e+01 9.935501141181420914e-01
2.899223689103861901e+01 9.934628759283472554e-01
2.902291650679633150e+01 9.933596834620180838e-01
2.905359612255404400e+01 9.932360156297699305e-01
2.908427573831175650e+01 9.930931130104696525e-01
2.911495535406946900e+01 9.929394735932187688e-01
2.914563496982718149e+01 9.927876002106750253e-01
2.917631458558489399e+01 9.926562037964777874e-01
2.920699420134260649e+01 9.925590183687110768e-01
2.923767381710031898e+01 9.925080434960221742e-01
2.926835343285803148e+01 9.925055037921125534e-01
2.929903304861574753e+01 9.925470758934010762e-01
2.932971266437346003e+01 9.926175336204050570e-01
2.936039228013117253e+01 9.926989795058857036e-01
2.939107189588888502e+01 9.927719331726347907e-01
2.942175151164659752e+01 9.928221706338840047e-01
2.945243112740431002e+01 9.928424926490658775e-01
2.948311074316202252e+01 9.928352422138321254e-01
2.951379035891973501e+01 9.928130069874278041e-01
2.954446997467744751e+01 9.927927698049765493e-01
2.957514959043516001e+01 9.927930593631429934e-01
2.960582920619287250e+01 9.928298272965202509e-01
2.963650882195058855e+01 9.929110358481542109e-01
2.966718843770830105e+01 9.930357030164205234e-01
2.969786805346601355e+01 9.931950840237078193e-01
2.972854766922372605e+01 9.933715190128016292e-01
2.975922728498143854e+01 9.935446342030032074e-01
2.978990690073915104e+01 9.936955256810894310e-01
2.982058651649686354e+01 9.938096998211649602e-01
2.985126613225457604e+01 9.938829191917800676e-01
2.988194574801228853e+01 9.939195186270408655e-01
2.991262536377000103e+01 9.939320053701793389e-01
2.994330497952771708e+01 9.939385030817924349e-01
2.997398459528542958e+01 9.939574904661375720e-01
3.000466421104314207e+01 9.940006995807041390e-01
3.003534382680085457e+01 9.940731402600385680e-01
3.006602344255856707e+01 9.941713364778422823e-01
3.009670305831627957e+01 9.942845116305676356e-01
3.012738267407399206e+01 9.944011841106885630e-01
3.015806228983170456e+01 9.945116142679610860e-01
3.018874190558941706e+01 9.946141354765389853e-01
3.021942152134712956e+01 9.947133260607871064e-01
3.025010113710484205e+01 9.948217549169597884e-01
3.028078075286255810e+01 9.949544167733714861e-01
3.031146036862027060e+01 9.951252792519239554e-01
3.034213998437798310e+01 9.953440944908136245e-01
3.037281960013569559e+01 9.956084428091523941e-01
3.040349921589340809e+01 9.959102422866387139e-01
3.043417883165112059e+01 9.962297795250959487e-01
3.046485844740883309e+01 9.965453226309229917e-01
3.049553806316654558e+01 9.968332988020566221e-01
3.052621767892425808e+01 9.970741063902689438e-01
3.055689729468197058e+01 9.972587337196251456e-01
3.058757691043968308e+01 9.973879027906947803e-01
3.061825652619739913e+01 9.974731292787728520e-01
3.064893614195511162e+01 9.975353224016364484e-01
3.067961575771282412e+01 9.975967922173251123e-01
3.071029537347053662e+01 9.976789876048192118e-01
3.074097498922824911e+01 9.977976532563795908e-01
3.077165460498596161e+01 9.979565148922726614e-01
3.080233422074367411e+01 9.981509893780033948e-01
3.083301383650138661e+01 9.983655966752296163e-01
3.086369345225909910e+01 9.985799542511262228e-01
3.089437306801681160e+01 9.987735800302364186e-01
3.092505268377452410e+01 9.989307576392033594e-01
3.095573229953224015e+01 9.990445768034481588e-01
3.098641191528995265e+01 9.991174999999999917e-01
3.101709153104766514e+01 9.991174999999999917e-01
3.104777114680537764e+01 9.991174999999999917e-01
3.107845076256309014e+01 9.991174999999999917e-01
3.110913037832080263e+01 9.991174999999999917e-01
3.113980999407851513e+01 9.991174999999999917e-01
3.117048960983622763e+01 9.991174999999999917e-01
3.120116922559394013e+01 9.991174999999999917e-01
3.123184884135165262e+01 9.991174999999999917e-01
3.126252845710936512e+01 9.991174999999999917e-01
3.129320807286708117e+01 9.991174999999999917e-01
3.132388768862479367e+01 9.991174999999999917e-01
3.135456730438250617e+01 9.991174999999999917e-01
3.138524692014021866e+01 9.991174999999999917e-01
3.141592653589793116e+01 9.991174999999999917e-01
