# Description:
#    Pair correlation functions for linear polymer grafted nanoparticle composite
# 
# Source:
#   Modica, K.J.; Martin, T.B.; Jayaraman, A.J.; Effect of Architecture on the Structure
#   and Interactions of Polymer Grafted Particles: Theory and Simulation, Macromolecules, 
#   2017, 50 (12), pp 4854-4866
#
# Diameter: 5d
# Grafting Density:  0.32 chains/d^2
# Graft Length: 20
# Graft Type: linear
# Matrix Length: 60
# dr: 0.1 d
# dk: 0.031 d^-1
# length: 1024
# G(r) Pair: Particle-Particle
# 
# r                      Particle-Particle G(r)
# 
1.000000000000000056e-01 0.000000000000000000e+00
2.000000000000000111e-01 0.000000000000000000e+00
3.000000000000000444e-01 0.000000000000000000e+00
4.000000000000000222e-01 0.000000000000000000e+00
5.000000000000000000e-01 0.000000000000000000e+00
5.999999999999999778e-01 0.000000000000000000e+00
7.000000000000000666e-01 0.000000000000000000e+00
8.000000000000000444e-01 0.000000000000000000e+00
9.000000000000000222e-01 0.000000000000000000e+00
1.000000000000000000e+00 0.000000000000000000e+00
1.100000000000000089e+00 0.000000000000000000e+00
1.200000000000000178e+00 0.000000000000000000e+00
1.300000000000000266e+00 0.000000000000000000e+00
1.400000000000000133e+00 0.000000000000000000e+00
1.500000000000000222e+00 0.000000000000000000e+00
1.600000000000000089e+00 0.000000000000000000e+00
1.700000000000000178e+00 0.000000000000000000e+00
1.800000000000000266e+00 0.000000000000000000e+00
1.900000000000000133e+00 0.000000000000000000e+00
2.000000000000000000e+00 0.000000000000000000e+00
2.100000000000000089e+00 0.000000000000000000e+00
2.200000000000000178e+00 0.000000000000000000e+00
2.300000000000000266e+00 0.000000000000000000e+00
2.400000000000000355e+00 0.000000000000000000e+00
2.500000000000000444e+00 0.000000000000000000e+00
2.600000000000000089e+00 0.000000000000000000e+00
2.700000000000000178e+00 0.000000000000000000e+00
2.800000000000000266e+00 0.000000000000000000e+00
2.900000000000000355e+00 0.000000000000000000e+00
3.000000000000000444e+00 0.000000000000000000e+00
3.100000000000000089e+00 0.000000000000000000e+00
3.200000000000000178e+00 0.000000000000000000e+00
3.300000000000000266e+00 0.000000000000000000e+00
3.400000000000000355e+00 0.000000000000000000e+00
3.500000000000000444e+00 0.000000000000000000e+00
3.600000000000000089e+00 0.000000000000000000e+00
3.700000000000000178e+00 0.000000000000000000e+00
3.800000000000000266e+00 0.000000000000000000e+00
3.900000000000000355e+00 0.000000000000000000e+00
4.000000000000000000e+00 0.000000000000000000e+00
4.099999999999999645e+00 0.000000000000000000e+00
4.200000000000000178e+00 0.000000000000000000e+00
4.299999999999999822e+00 0.000000000000000000e+00
4.399999999999999467e+00 1.776356839400250465e-15
4.500000000000000000e+00 0.000000000000000000e+00
4.599999999999999645e+00 0.000000000000000000e+00
4.700000000000000178e+00 0.000000000000000000e+00
4.799999999999999822e+00 0.000000000000000000e+00
4.900000000000000355e+00 0.000000000000000000e+00
5.000000000000000000e+00 0.000000000000000000e+00
5.099999999999999645e+00 8.395955541037606329e-01
5.200000000000000178e+00 3.660999924486290080e-01
5.299999999999999822e+00 2.101703092174759258e-01
5.400000000000000355e+00 1.512941483107155261e-01
5.500000000000000000e+00 1.307562297997659773e-01
5.599999999999999645e+00 1.306782910270771758e-01
5.700000000000000178e+00 1.454395160074821725e-01
5.799999999999999822e+00 1.761405087908527456e-01
5.900000000000000355e+00 2.253678693104743669e-01
6.000000000000000000e+00 2.773513954181326957e-01
6.099999999999999645e+00 2.790109041763899622e-01
6.200000000000000178e+00 2.402819566314078337e-01
6.299999999999999822e+00 2.176292301478450764e-01
6.400000000000000355e+00 2.122467490190941275e-01
6.500000000000000000e+00 2.212265953624428239e-01
6.599999999999999645e+00 2.402614971440376612e-01
6.700000000000000178e+00 2.650467537956924247e-01
6.799999999999999822e+00 2.894281809971357422e-01
6.900000000000000355e+00 3.078105881127707333e-01
7.000000000000000000e+00 3.136373687761314644e-01
7.099999999999999645e+00 3.105848167269986693e-01
7.200000000000000178e+00 3.078836159987856647e-01
7.299999999999999822e+00 3.118780887517893508e-01
7.400000000000000355e+00 3.230136446775180303e-01
7.500000000000000000e+00 3.383322005654445519e-01
7.599999999999999645e+00 3.556541126118111240e-01
7.700000000000000178e+00 3.727181113617650254e-01
7.799999999999999822e+00 3.871467124080112399e-01
7.900000000000000355e+00 3.995789406125718202e-01
8.000000000000000000e+00 4.097228245067540131e-01
8.099999999999999645e+00 4.202187202772528218e-01
8.199999999999999289e+00 4.333040626601413203e-01
8.300000000000000711e+00 4.487750080562855626e-01
8.400000000000000355e+00 4.654966958992041715e-01
8.500000000000000000e+00 4.834353018935952928e-01
8.599999999999999645e+00 5.016743415892116476e-01
8.699999999999999289e+00 5.196356131851165294e-01
8.800000000000000711e+00 5.371305290169183788e-01
8.900000000000000355e+00 5.548184168170481323e-01
9.000000000000000000e+00 5.730222429247189275e-01
9.099999999999999645e+00 5.915685666841052903e-01
9.199999999999999289e+00 6.118740002728360050e-01
9.300000000000000711e+00 6.330896377451615820e-01
9.400000000000000355e+00 6.552906811709074963e-01
9.500000000000000000e+00 6.771617316666286301e-01
9.599999999999999645e+00 6.979734125594397876e-01
9.700000000000001066e+00 7.195544565010080218e-01
9.800000000000000711e+00 7.406012502132907072e-01
9.900000000000000355e+00 7.613652051827822786e-01
1.000000000000000000e+01 7.827080682802961542e-01
1.009999999999999964e+01 8.031741396549315626e-01
1.020000000000000107e+01 8.246080628364185205e-01
1.030000000000000071e+01 8.471013240143688838e-01
1.040000000000000036e+01 8.694140093066852204e-01
1.050000000000000000e+01 8.908108315701286362e-01
1.059999999999999964e+01 9.118642873163003149e-01
1.070000000000000107e+01 9.329300041695113288e-01
1.080000000000000071e+01 9.543773086821183416e-01
1.090000000000000036e+01 9.749182937763467560e-01
1.100000000000000000e+01 9.941997831641077310e-01
1.109999999999999964e+01 1.011667842462287803e+00
1.120000000000000107e+01 1.027809654439835185e+00
1.130000000000000071e+01 1.042840651737106716e+00
1.140000000000000036e+01 1.056307393267696293e+00
1.150000000000000000e+01 1.070914156463867117e+00
1.159999999999999964e+01 1.085603144169200451e+00
1.170000000000000107e+01 1.099196643273860907e+00
1.180000000000000071e+01 1.111292173512645087e+00
1.190000000000000036e+01 1.121915953863874327e+00
1.200000000000000000e+01 1.131589399709880261e+00
1.209999999999999964e+01 1.141612518820462663e+00
1.220000000000000107e+01 1.150446801332138946e+00
1.230000000000000071e+01 1.158141633279194282e+00
1.240000000000000036e+01 1.165287644199286765e+00
1.250000000000000000e+01 1.171968563316321710e+00
1.259999999999999964e+01 1.177851234092406330e+00
1.270000000000000107e+01 1.181953430615511058e+00
1.280000000000000071e+01 1.184381041739953178e+00
1.290000000000000036e+01 1.187848775945008484e+00
1.300000000000000000e+01 1.190338816223178275e+00
1.309999999999999964e+01 1.191123809635620256e+00
1.320000000000000107e+01 1.191445617189600625e+00
1.330000000000000071e+01 1.191485084390514926e+00
1.340000000000000036e+01 1.191487114395944014e+00
1.350000000000000000e+01 1.190457514581974685e+00
1.359999999999999964e+01 1.189967285519403450e+00
1.370000000000000107e+01 1.188976303919462962e+00
1.380000000000000071e+01 1.186868739378758031e+00
1.390000000000000036e+01 1.184256835005087050e+00
1.400000000000000000e+01 1.181169193521644623e+00
1.409999999999999964e+01 1.177668246820714026e+00
1.420000000000000107e+01 1.173879042726939437e+00
1.430000000000000071e+01 1.170371519310368313e+00
1.440000000000000036e+01 1.167485034443491276e+00
1.450000000000000000e+01 1.164571383581346264e+00
1.459999999999999964e+01 1.161560446016099535e+00
1.470000000000000107e+01 1.158247040351685353e+00
1.480000000000000071e+01 1.155070825400932089e+00
1.490000000000000036e+01 1.151535586982066706e+00
1.500000000000000000e+01 1.147729549642271474e+00
1.509999999999999964e+01 1.143791689780235599e+00
1.520000000000000107e+01 1.139987790840752968e+00
1.530000000000000071e+01 1.136274635947609024e+00
1.540000000000000036e+01 1.132809044722285607e+00
1.550000000000000000e+01 1.129393930048619987e+00
1.559999999999999964e+01 1.125797453799556536e+00
1.570000000000000107e+01 1.122200750650230949e+00
1.580000000000000071e+01 1.118560098285934057e+00
1.590000000000000036e+01 1.114992412269284028e+00
1.600000000000000000e+01 1.111407791687343494e+00
1.610000000000000142e+01 1.107957134998022619e+00
1.620000000000000284e+01 1.104698866765992049e+00
1.630000000000000071e+01 1.101524336390355074e+00
1.640000000000000213e+01 1.098610699722675221e+00
1.650000000000000355e+01 1.095725400652860504e+00
1.660000000000000142e+01 1.092835216235275908e+00
1.670000000000000284e+01 1.089984851331352811e+00
1.680000000000000071e+01 1.087167924261525753e+00
1.690000000000000213e+01 1.084340410177977221e+00
1.700000000000000355e+01 1.081516129405003301e+00
1.710000000000000142e+01 1.078856810139732003e+00
1.720000000000000284e+01 1.076278708951657004e+00
1.730000000000000071e+01 1.073841823275375917e+00
1.740000000000000213e+01 1.071456914843278874e+00
1.750000000000000355e+01 1.069133477880381822e+00
1.760000000000000142e+01 1.066799172734202550e+00
1.770000000000000284e+01 1.064496829420195967e+00
1.780000000000000071e+01 1.062157187483509846e+00
1.790000000000000213e+01 1.059874041874043549e+00
1.800000000000000355e+01 1.057676136519466903e+00
1.810000000000000142e+01 1.055567741039938667e+00
1.820000000000000284e+01 1.053517882189333177e+00
1.830000000000000071e+01 1.051538639741848025e+00
1.840000000000000213e+01 1.049596240657146184e+00
1.850000000000000355e+01 1.047676091716542635e+00
1.860000000000000142e+01 1.045773318161687726e+00
1.870000000000000284e+01 1.043912034337139527e+00
1.880000000000000071e+01 1.042094167771465907e+00
1.890000000000000213e+01 1.040329438298310594e+00
1.900000000000000355e+01 1.038605873065268748e+00
1.910000000000000142e+01 1.036934928222211783e+00
1.920000000000000284e+01 1.035302323992381757e+00
1.930000000000000426e+01 1.033703104591753519e+00
1.940000000000000213e+01 1.032140345743521426e+00
1.950000000000000355e+01 1.030609080745110928e+00
1.960000000000000142e+01 1.029112501286619574e+00
1.970000000000000284e+01 1.027660286036507831e+00
1.980000000000000426e+01 1.026246938968278455e+00
1.990000000000000213e+01 1.024876230659952814e+00
2.000000000000000355e+01 1.023543710146259222e+00
2.010000000000000142e+01 1.022252254144258465e+00
2.020000000000000284e+01 1.020999115995165463e+00
2.030000000000000426e+01 1.019786767009524642e+00
2.040000000000000213e+01 1.018612336902952942e+00
2.050000000000000355e+01 1.017476851350413547e+00
2.060000000000000142e+01 1.016378694674324512e+00
2.070000000000000284e+01 1.015318863031317242e+00
2.080000000000000426e+01 1.014296337781983137e+00
2.090000000000000213e+01 1.013311041549230573e+00
2.100000000000000355e+01 1.012361728755559076e+00
2.110000000000000142e+01 1.011448166847807029e+00
2.120000000000000284e+01 1.010570495411946101e+00
2.130000000000000426e+01 1.009727807560390822e+00
2.140000000000000213e+01 1.008920801692428038e+00
2.150000000000000355e+01 1.008148692604690533e+00
2.160000000000000142e+01 1.007411941274174216e+00
2.170000000000000284e+01 1.006709262196242793e+00
2.180000000000000426e+01 1.006041629628669609e+00
2.190000000000000213e+01 1.005407221502199633e+00
2.200000000000000355e+01 1.004806550732478154e+00
2.210000000000000142e+01 1.004237092653165409e+00
2.220000000000000284e+01 1.003700502036417808e+00
2.230000000000000426e+01 1.003194279609732398e+00
2.240000000000000213e+01 1.002719451674007667e+00
2.250000000000000355e+01 1.002273103730688897e+00
2.260000000000000142e+01 1.001856489149268281e+00
2.270000000000000284e+01 1.001466525420116715e+00
2.280000000000000426e+01 1.001103792286549332e+00
2.290000000000000213e+01 1.000765299642149442e+00
2.300000000000000355e+01 1.000452538469201791e+00
2.310000000000000142e+01 1.000162299415653822e+00
2.320000000000000284e+01 9.998962808723055318e-01
2.330000000000000426e+01 9.996511813735510232e-01
2.340000000000000213e+01 9.994280925937041316e-01
2.350000000000000355e+01 9.992234687747881816e-01
2.360000000000000142e+01 9.990388647922807674e-01
2.370000000000000284e+01 9.988714264296787437e-01
2.380000000000000426e+01 9.987228788173901917e-01
2.390000000000000213e+01 9.985902079469838322e-01
2.400000000000000355e+01 9.984751894240742054e-01
2.410000000000000142e+01 9.983745161630361853e-01
2.420000000000000284e+01 9.982893215159681644e-01
2.430000000000000426e+01 9.982161234616864220e-01
2.440000000000000213e+01 9.981560331028882516e-01
2.450000000000000355e+01 9.981061729117611803e-01
2.460000000000000142e+01 9.980683423819690647e-01
2.470000000000000284e+01 9.980397978841268891e-01
2.480000000000000426e+01 9.980219116448871830e-01
2.490000000000000213e+01 9.980120717960240251e-01
2.500000000000000355e+01 9.980116677484717203e-01
2.510000000000000142e+01 9.980180045398188149e-01
2.520000000000000284e+01 9.980321841991366405e-01
2.530000000000000426e+01 9.980515753605582185e-01
2.540000000000000213e+01 9.980772912416229214e-01
2.550000000000000355e+01 9.981070904482852724e-01
2.560000000000000142e+01 9.981421111698891568e-01
2.570000000000000284e+01 9.981802367594558856e-01
2.580000000000000426e+01 9.982227556093870025e-01
2.590000000000000213e+01 9.982678146306472877e-01
2.600000000000000355e+01 9.983162745441935826e-01
2.610000000000000142e+01 9.983661973872116624e-01
2.620000000000000284e+01 9.984186378810500084e-01
2.630000000000000426e+01 9.984721424290554648e-01
2.640000000000000213e+01 9.985274365865016710e-01
2.650000000000000355e+01 9.985831676435028559e-01
2.660000000000000142e+01 9.986400382577094170e-01
2.670000000000000284e+01 9.986969049940522813e-01
2.680000000000000426e+01 9.987544247435956590e-01
2.690000000000000213e+01 9.988115017715022415e-01
2.700000000000000355e+01 9.988686830020534480e-01
2.710000000000000142e+01 9.989249974706649882e-01
2.720000000000000284e+01 9.989809470299906291e-01
2.730000000000000426e+01 9.990357833750791450e-01
2.740000000000000213e+01 9.990898897645603682e-01
2.750000000000000355e+01 9.991426443753543829e-01
2.760000000000000142e+01 9.991942728177817257e-01
2.770000000000000284e+01 9.992443712652352428e-01
2.780000000000000426e+01 9.992932735835812208e-01
2.790000000000000213e+01 9.993406563007223298e-01
2.800000000000000355e+01 9.993865355587109311e-01
2.810000000000000142e+01 9.994308752396861006e-01
2.820000000000000284e+01 9.994739375556531691e-01
2.830000000000000426e+01 9.995156017700517204e-01
2.840000000000000213e+01 9.995556573587371929e-01
2.850000000000000355e+01 9.995940871055967181e-01
2.860000000000000142e+01 9.996306787638702396e-01
2.870000000000000284e+01 9.996654790709033067e-01
2.880000000000000426e+01 9.996984343730578315e-01
2.890000000000000213e+01 9.997298758008336117e-01
2.900000000000000355e+01 9.997597430680790209e-01
2.910000000000000142e+01 9.997882024705522230e-01
2.920000000000000284e+01 9.998149700339031831e-01
2.930000000000000426e+01 9.998404600420111032e-01
2.940000000000000213e+01 9.998642636337231604e-01
2.950000000000000355e+01 9.998867834189782977e-01
2.960000000000000142e+01 9.999076758036355983e-01
2.970000000000000284e+01 9.999274507349981134e-01
2.980000000000000426e+01 9.999456247811395748e-01
2.990000000000000213e+01 9.999626652269283378e-01
3.000000000000000355e+01 9.999782959470701060e-01
3.010000000000000142e+01 9.999931806546752400e-01
3.020000000000000284e+01 1.000006575362702543e+00
3.030000000000000426e+01 1.000019099586235027e+00
3.040000000000000213e+01 1.000030282524815961e+00
3.050000000000000355e+01 1.000040760619881786e+00
3.060000000000000142e+01 1.000050102369521188e+00
3.070000000000000284e+01 1.000058913602143607e+00
3.080000000000000426e+01 1.000066539189353287e+00
3.090000000000000213e+01 1.000073667160185087e+00
3.100000000000000355e+01 1.000079764265591198e+00
3.110000000000000142e+01 1.000085491587729081e+00
3.120000000000000284e+01 1.000090171287252527e+00
3.130000000000000426e+01 1.000094471653388384e+00
3.140000000000000213e+01 1.000097904060227139e+00
3.150000000000000355e+01 1.000101152218400458e+00
3.160000000000000142e+01 1.000103634909365713e+00
3.170000000000000284e+01 1.000105771154078615e+00
3.180000000000000426e+01 1.000106949084551333e+00
3.190000000000000213e+01 1.000108136534232361e+00
3.200000000000000000e+01 1.000108988422454770e+00
3.210000000000000142e+01 1.000109604545712960e+00
3.220000000000000284e+01 1.000109555198649414e+00
3.230000000000000426e+01 1.000109380550113336e+00
3.240000000000000568e+01 1.000108732062028771e+00
3.250000000000000000e+01 1.000108175863291038e+00
3.260000000000000142e+01 1.000107169423745779e+00
3.270000000000000284e+01 1.000106154417752524e+00
3.280000000000000426e+01 1.000104684793980958e+00
3.290000000000000568e+01 1.000103165205755484e+00
3.300000000000000000e+01 1.000101357570689853e+00
3.310000000000000142e+01 1.000099603097383660e+00
3.320000000000000284e+01 1.000097607751232687e+00
3.330000000000000426e+01 1.000095623456996652e+00
3.340000000000000568e+01 1.000093387410994739e+00
3.350000000000000000e+01 1.000091152472119660e+00
3.360000000000000142e+01 1.000088734913098243e+00
3.370000000000000284e+01 1.000086444543775377e+00
3.380000000000000426e+01 1.000084152520083869e+00
3.390000000000000568e+01 1.000081870659327743e+00
3.400000000000000000e+01 1.000079294450615164e+00
3.410000000000000142e+01 1.000076736112719633e+00
3.420000000000000284e+01 1.000074265340088253e+00
3.430000000000000426e+01 1.000071898313894092e+00
3.440000000000000568e+01 1.000069420721807267e+00
3.450000000000000000e+01 1.000066936127853801e+00
3.460000000000000142e+01 1.000064441302995544e+00
3.470000000000000284e+01 1.000061900405642357e+00
3.480000000000000426e+01 1.000059399229081381e+00
3.490000000000000568e+01 1.000056987030365718e+00
3.500000000000000000e+01 1.000054819485253654e+00
3.510000000000000142e+01 1.000052514015622007e+00
3.520000000000000284e+01 1.000050081176441674e+00
3.530000000000000426e+01 1.000047597293737489e+00
3.540000000000000568e+01 1.000045370201365635e+00
3.550000000000000000e+01 1.000043338397968551e+00
3.560000000000000142e+01 1.000041525804700182e+00
3.570000000000000284e+01 1.000039235638613189e+00
3.580000000000000426e+01 1.000036607161229663e+00
3.590000000000000568e+01 1.000034659617642152e+00
3.600000000000000000e+01 1.000033261094099402e+00
3.610000000000000142e+01 1.000031290463532008e+00
3.620000000000000284e+01 1.000029215330663579e+00
3.630000000000000426e+01 1.000027183039184253e+00
3.640000000000000568e+01 1.000025565112308668e+00
3.650000000000000000e+01 1.000023916547526204e+00
3.660000000000000142e+01 1.000022444736255567e+00
3.670000000000000284e+01 1.000020757653237835e+00
3.680000000000000426e+01 1.000019164802135485e+00
3.690000000000000568e+01 1.000017513238191436e+00
3.700000000000000000e+01 1.000016224456629299e+00
3.710000000000000142e+01 1.000014903526789123e+00
3.720000000000000284e+01 1.000013717587734163e+00
3.730000000000000426e+01 1.000012287429117075e+00
3.740000000000000568e+01 1.000011063589964833e+00
3.750000000000000000e+01 1.000009834324126157e+00
3.760000000000000142e+01 1.000008948828429611e+00
3.770000000000000284e+01 1.000007794822991292e+00
3.780000000000000426e+01 1.000006617395775121e+00
3.790000000000000568e+01 1.000005576993963752e+00
3.800000000000000000e+01 1.000005020474550088e+00
3.810000000000000142e+01 1.000004049195908351e+00
3.820000000000000284e+01 1.000003197237454566e+00
3.830000000000000426e+01 1.000002237514777459e+00
3.840000000000000568e+01 1.000001637694828194e+00
3.850000000000000711e+01 1.000000980912874482e+00
3.860000000000000142e+01 1.000000452745869239e+00
3.870000000000000284e+01 9.999996890885705092e-01
3.880000000000000426e+01 9.999991282297643336e-01
3.890000000000000568e+01 9.999984998539842573e-01
3.900000000000000711e+01 9.999981656244267825e-01
3.910000000000000142e+01 9.999976811670246990e-01
3.920000000000000284e+01 9.999973440070593078e-01
3.930000000000000426e+01 9.999968027805278270e-01
3.940000000000000568e+01 9.999964393536815432e-01
3.950000000000000711e+01 9.999960063196549065e-01
3.960000000000000142e+01 9.999958497452414719e-01
3.970000000000000284e+01 9.999957166099345818e-01
3.980000000000000426e+01 9.999956716758032771e-01
3.990000000000000568e+01 9.999952636629002578e-01
4.000000000000000711e+01 9.999949773889332816e-01
4.010000000000000142e+01 9.999947644755931009e-01
4.020000000000000284e+01 9.999948154520231780e-01
4.030000000000000426e+01 9.999947781251913304e-01
4.040000000000000568e+01 9.999947891836418190e-01
4.050000000000000711e+01 9.999946120503853120e-01
4.060000000000000142e+01 9.999944822460078431e-01
4.070000000000000284e+01 9.999943214046971285e-01
4.080000000000000426e+01 9.999944066011440258e-01
4.090000000000000568e+01 9.999945724253074264e-01
4.100000000000000711e+01 9.999948018630796520e-01
4.110000000000000142e+01 9.999947430354971800e-01
4.120000000000000284e+01 9.999945211313777671e-01
4.130000000000000426e+01 9.999943496136892707e-01
4.140000000000000568e+01 9.999946527731421453e-01
4.150000000000000711e+01 9.999952251338883880e-01
4.160000000000000142e+01 9.999955901363026811e-01
4.170000000000000284e+01 9.999949492945869878e-01
4.180000000000000426e+01 9.999942710419535974e-01
4.190000000000000568e+01 9.999951592035968284e-01
4.200000000000000711e+01 9.999959954719842559e-01
4.210000000000000142e+01 9.999958263176706996e-01
4.220000000000000284e+01 9.999954339367896905e-01
4.230000000000000426e+01 9.999953994939727586e-01
4.240000000000000568e+01 9.999957511996891979e-01
4.250000000000000711e+01 9.999961922351567889e-01
4.260000000000000142e+01 9.999963973876270229e-01
4.270000000000000284e+01 9.999963949706255351e-01
4.280000000000000426e+01 9.999963674625529375e-01
4.290000000000000568e+01 9.999964939931660357e-01
4.300000000000000711e+01 9.999966955613779351e-01
4.310000000000000142e+01 9.999969340205004942e-01
4.320000000000000284e+01 9.999970776688626994e-01
4.330000000000000426e+01 9.999972017521936429e-01
4.340000000000000568e+01 9.999972432074135664e-01
4.350000000000000711e+01 9.999974010463511531e-01
4.360000000000000142e+01 9.999975466018296011e-01
4.370000000000000284e+01 9.999976949516211633e-01
4.380000000000000426e+01 9.999978269326990077e-01
4.390000000000000568e+01 9.999980979405804771e-01
4.400000000000000711e+01 9.999981928062214864e-01
4.410000000000000142e+01 9.999982094921727738e-01
4.420000000000000284e+01 9.999982330833337985e-01
4.430000000000000426e+01 9.999984145572869965e-01
4.440000000000000568e+01 9.999985838289433548e-01
4.450000000000000711e+01 9.999987825245770789e-01
4.460000000000000142e+01 9.999988303567584058e-01
4.470000000000000284e+01 9.999988546151803437e-01
4.480000000000000426e+01 9.999988510979641587e-01
4.490000000000000568e+01 9.999989934055540930e-01
4.500000000000000711e+01 9.999990977341775000e-01
4.510000000000000142e+01 9.999992590277464455e-01
4.520000000000000284e+01 9.999992818592353672e-01
4.530000000000000426e+01 9.999993322596882894e-01
4.540000000000000568e+01 9.999992801688605271e-01
4.550000000000000711e+01 9.999993348061458898e-01
4.560000000000000142e+01 9.999994807546486175e-01
4.570000000000000284e+01 9.999997646484870550e-01
4.580000000000000426e+01 9.999997463550120980e-01
4.590000000000000568e+01 9.999996012081140417e-01
4.600000000000000711e+01 9.999995085445221310e-01
4.610000000000000142e+01 9.999996468021424834e-01
4.620000000000000284e+01 9.999997936222070338e-01
4.630000000000000426e+01 9.999999453238466174e-01
4.640000000000000568e+01 9.999999385204463298e-01
4.650000000000000711e+01 9.999998850506325310e-01
4.660000000000000142e+01 9.999997901308527171e-01
4.670000000000000284e+01 9.999998544123287481e-01
4.680000000000000426e+01 9.999999716983999365e-01
4.690000000000000568e+01 1.000000134937731877e+00
4.700000000000000711e+01 1.000000128109964193e+00
4.710000000000000142e+01 1.000000087119252479e+00
4.720000000000000284e+01 9.999999902550562592e-01
4.730000000000000426e+01 1.000000003869395915e+00
4.740000000000000568e+01 1.000000155145265746e+00
4.750000000000000711e+01 1.000000364861296509e+00
4.760000000000000142e+01 1.000000356005324775e+00
4.770000000000000284e+01 9.999999688798214548e-01
4.780000000000000426e+01 9.999997972393931400e-01
4.790000000000000568e+01 1.000000282687767195e+00
4.800000000000000711e+01 1.000000464881990903e+00
4.810000000000000142e+01 1.000000286792725790e+00
4.820000000000000284e+01 1.000000096743735467e+00
4.830000000000000426e+01 1.000000092113473071e+00
4.840000000000000568e+01 1.000000202529595539e+00
4.850000000000000711e+01 1.000000319728455489e+00
4.860000000000000142e+01 1.000000302217779691e+00
4.870000000000000284e+01 1.000000206546536985e+00
4.880000000000000426e+01 1.000000217383202328e+00
4.890000000000000568e+01 1.000000238494436200e+00
4.900000000000000711e+01 1.000000235685165606e+00
4.910000000000000142e+01 1.000000173091832867e+00
4.920000000000000284e+01 1.000000183997356462e+00
4.930000000000000426e+01 1.000000226045805185e+00
4.940000000000000568e+01 1.000000259522876966e+00
4.950000000000000711e+01 1.000000248843002426e+00
4.960000000000000142e+01 1.000000198938272966e+00
4.970000000000000284e+01 1.000000141898857775e+00
4.980000000000000426e+01 1.000000266562808715e+00
4.990000000000000568e+01 1.000000306996036148e+00
5.000000000000000711e+01 1.000000282974543353e+00
5.010000000000000142e+01 1.000000194506471152e+00
5.020000000000000284e+01 1.000000200659732608e+00
5.030000000000000426e+01 1.000000182461421527e+00
5.040000000000000568e+01 1.000000236740190784e+00
5.050000000000000711e+01 1.000000226584552676e+00
5.060000000000000142e+01 1.000000236898062056e+00
5.070000000000000284e+01 1.000000157054051764e+00
5.080000000000000426e+01 1.000000160267678018e+00
5.090000000000000568e+01 1.000000148812106415e+00
5.100000000000000711e+01 1.000000208049687034e+00
5.110000000000000142e+01 1.000000200284399288e+00
5.120000000000000284e+01 1.000000218139556640e+00
5.130000000000000426e+01 1.000000167546760910e+00
5.140000000000000568e+01 1.000000151048891617e+00
5.150000000000000711e+01 1.000000063554313812e+00
5.160000000000000142e+01 1.000000118329403831e+00
5.170000000000000284e+01 1.000000142709887685e+00
5.180000000000000426e+01 1.000000137376612530e+00
5.190000000000000568e+01 1.000000022147027323e+00
5.200000000000000711e+01 1.000000034902176482e+00
5.210000000000000142e+01 1.000000033777342257e+00
5.220000000000000284e+01 1.000000088327082315e+00
5.230000000000000426e+01 1.000000055192107995e+00
5.240000000000000568e+01 1.000000069900661259e+00
5.250000000000000711e+01 1.000000015292989319e+00
5.260000000000000142e+01 1.000000045772257540e+00
5.270000000000000284e+01 1.000000019956582387e+00
5.280000000000000426e+01 1.000000045413734329e+00
5.290000000000000568e+01 1.000000023346830469e+00
5.300000000000000711e+01 1.000000060335398233e+00
5.310000000000000142e+01 1.000000061451905786e+00
5.320000000000000284e+01 1.000000082878494068e+00
5.330000000000000426e+01 1.000000008161521903e+00
5.340000000000000568e+01 1.000000014759104161e+00
5.350000000000000711e+01 1.000000010977034615e+00
5.360000000000000142e+01 1.000000106344832274e+00
5.370000000000000284e+01 1.000000082202253449e+00
5.380000000000000426e+01 1.000000042064095762e+00
5.390000000000000568e+01 9.999999981144895855e-01
5.400000000000000711e+01 1.000000078654642355e+00
5.410000000000000142e+01 1.000000089414435633e+00
5.420000000000000284e+01 1.000000100561458272e+00
5.430000000000000426e+01 1.000000040893907371e+00
5.440000000000000568e+01 1.000000024615869787e+00
5.450000000000000711e+01 1.000000032183677723e+00
5.460000000000000142e+01 1.000000083087202452e+00
5.470000000000000284e+01 1.000000061018686992e+00
5.480000000000000426e+01 1.000000087069826238e+00
5.490000000000000568e+01 1.000000049209004649e+00
5.500000000000000711e+01 1.000000030953224650e+00
5.510000000000000142e+01 9.999999786594027107e-01
5.520000000000000284e+01 1.000000003707718133e+00
5.530000000000000426e+01 1.000000036769939538e+00
5.540000000000000568e+01 1.000000067458655550e+00
5.550000000000000711e+01 1.000000074593914379e+00
5.560000000000000142e+01 1.000000042064645100e+00
5.570000000000000284e+01 9.999999945964695991e-01
5.580000000000000426e+01 1.000000030682209662e+00
5.590000000000000568e+01 1.000000062351950936e+00
5.600000000000000711e+01 1.000000059079548587e+00
5.610000000000000142e+01 1.000000020859915129e+00
5.620000000000000284e+01 1.000000010548998119e+00
5.630000000000000426e+01 1.000000014942417081e+00
5.640000000000000568e+01 1.000000029751713759e+00
5.650000000000000711e+01 1.000000025711268670e+00
5.660000000000000142e+01 1.000000004837488854e+00
5.670000000000000284e+01 1.000000015881561399e+00
5.680000000000000426e+01 1.000000024829577727e+00
5.690000000000000568e+01 1.000000040583222782e+00
5.700000000000000711e+01 1.000000023443571529e+00
5.710000000000000142e+01 1.000000020885857932e+00
5.720000000000000284e+01 1.000000018982950101e+00
5.730000000000000426e+01 1.000000033883997830e+00
5.740000000000000568e+01 1.000000014298473516e+00
5.750000000000000711e+01 9.999999779070478656e-01
5.760000000000000142e+01 9.999999373849098872e-01
5.770000000000000284e+01 9.999999851953521590e-01
5.780000000000000426e+01 1.000000011421694923e+00
5.790000000000000568e+01 9.999999983516342228e-01
5.800000000000000711e+01 9.999999460851121125e-01
5.810000000000000142e+01 9.999999517330587784e-01
5.820000000000000284e+01 9.999999419957811275e-01
5.830000000000000426e+01 9.999999835046071706e-01
5.840000000000000568e+01 9.999999839737011564e-01
5.850000000000000711e+01 9.999999900330102109e-01
5.860000000000000142e+01 9.999999627564816196e-01
5.870000000000000284e+01 9.999999667920443924e-01
5.880000000000000426e+01 9.999999449284603381e-01
5.890000000000000568e+01 9.999999627682429892e-01
5.900000000000000711e+01 9.999999515261983607e-01
5.910000000000000142e+01 9.999999706833906377e-01
5.920000000000000284e+01 9.999999377855374183e-01
5.930000000000000426e+01 9.999999481439993954e-01
5.940000000000000568e+01 9.999999361450755408e-01
5.950000000000000711e+01 9.999999798436148835e-01
5.960000000000000142e+01 1.000000013161354229e+00
5.970000000000000284e+01 1.000000024567970991e+00
5.980000000000000426e+01 9.999999640726338068e-01
5.990000000000000568e+01 9.999999687238344537e-01
6.000000000000000711e+01 9.999999851436142118e-01
6.010000000000000142e+01 1.000000018095721588e+00
6.020000000000000284e+01 1.000000001695255269e+00
6.030000000000000426e+01 1.000000007068939878e+00
6.040000000000000568e+01 9.999999864363818824e-01
6.050000000000000711e+01 1.000000010817743368e+00
6.060000000000000142e+01 9.999999974971950367e-01
6.070000000000000284e+01 1.000000000084334761e+00
6.080000000000000426e+01 9.999999782141176796e-01
6.090000000000000568e+01 9.999999877767621337e-01
6.100000000000000711e+01 9.999999839053922424e-01
6.110000000000000142e+01 9.999999871571961796e-01
6.120000000000000284e+01 9.999999673482601326e-01
6.130000000000000426e+01 9.999999741480912752e-01
6.140000000000000568e+01 9.999999799693191083e-01
6.150000000000000711e+01 1.000000012380478642e+00
6.160000000000000142e+01 9.999999803725283520e-01
6.170000000000000284e+01 9.999999288084384652e-01
6.180000000000000426e+01 9.999999054303190249e-01
6.190000000000000568e+01 9.999999457653423462e-01
6.200000000000000711e+01 9.999999601324838228e-01
6.210000000000000142e+01 9.999999643221263446e-01
6.220000000000000284e+01 9.999999500201075531e-01
6.230000000000000426e+01 9.999999299782226236e-01
6.240000000000000568e+01 9.999999249853747108e-01
6.250000000000000711e+01 9.999999310938085806e-01
6.260000000000000142e+01 9.999999397583987371e-01
6.270000000000000284e+01 9.999999469652867123e-01
6.280000000000000426e+01 9.999999485959851775e-01
6.290000000000000568e+01 9.999999443529362653e-01
6.300000000000000711e+01 9.999999377923677324e-01
6.310000000000000142e+01 9.999999376501820247e-01
6.320000000000000284e+01 9.999999515501948322e-01
6.330000000000000426e+01 9.999999424223580125e-01
6.340000000000000568e+01 9.999999395166893068e-01
6.350000000000000711e+01 9.999999024490943134e-01
6.360000000000000142e+01 9.999998946536771127e-01
6.370000000000000284e+01 9.999999240537728040e-01
6.380000000000000426e+01 9.999999646569264211e-01
6.390000000000000568e+01 9.999999313499663423e-01
6.400000000000000000e+01 9.999999048464742746e-01
6.409999999999999432e+01 9.999998942491138409e-01
6.420000000000000284e+01 9.999999225257243385e-01
6.429999999999999716e+01 9.999999324383607169e-01
6.439999999999999147e+01 9.999999436259048302e-01
6.450000000000000000e+01 9.999999161287350669e-01
6.459999999999999432e+01 9.999999200240409225e-01
6.470000000000000284e+01 9.999998986069928986e-01
6.479999999999999716e+01 9.999999070929137535e-01
6.489999999999999147e+01 9.999998799613213363e-01
6.500000000000000000e+01 9.999998974291732790e-01
6.509999999999999432e+01 9.999999045270349107e-01
6.520000000000000284e+01 9.999999337388708609e-01
6.529999999999999716e+01 9.999999168757225387e-01
6.539999999999999147e+01 9.999999087642907902e-01
6.550000000000000000e+01 9.999998883067667821e-01
6.559999999999999432e+01 9.999999443673356359e-01
6.570000000000000284e+01 9.999999659535740992e-01
6.579999999999999716e+01 9.999999652750350965e-01
6.589999999999999147e+01 9.999999187832263603e-01
6.600000000000000000e+01 9.999999383818779508e-01
6.609999999999999432e+01 9.999999302885524965e-01
6.620000000000000284e+01 9.999999694245446102e-01
6.629999999999999716e+01 9.999999604829429289e-01
6.639999999999999147e+01 9.999999643034591656e-01
6.650000000000000000e+01 9.999999380750055344e-01
6.659999999999999432e+01 9.999999521025866311e-01
6.670000000000000284e+01 9.999999511139370245e-01
6.679999999999999716e+01 9.999999847573106670e-01
6.689999999999999147e+01 9.999999884601666889e-01
6.700000000000000000e+01 1.000000013892369699e+00
6.709999999999999432e+01 9.999999731413918846e-01
6.720000000000000284e+01 9.999999679711110145e-01
6.729999999999999716e+01 9.999999407581896538e-01
6.739999999999999147e+01 9.999999735793568822e-01
6.750000000000000000e+01 9.999999879085877952e-01
6.759999999999999432e+01 9.999999874425976598e-01
6.770000000000000284e+01 9.999999204824471244e-01
6.779999999999999716e+01 9.999999262930322486e-01
6.789999999999999147e+01 9.999999571263595843e-01
6.800000000000000000e+01 9.999999936042051063e-01
6.809999999999999432e+01 9.999999753517069268e-01
6.820000000000000284e+01 9.999999654992982601e-01
6.829999999999999716e+01 9.999999392377605378e-01
6.839999999999999147e+01 9.999999639619326919e-01
6.850000000000000000e+01 9.999999571546220878e-01
6.859999999999999432e+01 9.999999745882659496e-01
6.870000000000000284e+01 9.999999661345515545e-01
6.879999999999999716e+01 9.999999863170482284e-01
6.889999999999999147e+01 9.999999852794825284e-01
6.900000000000000000e+01 9.999999880771353045e-01
6.909999999999999432e+01 9.999999655438515100e-01
6.920000000000000284e+01 9.999999680478884878e-01
6.929999999999999716e+01 9.999999758895611324e-01
6.939999999999999147e+01 1.000000020139156565e+00
6.950000000000000000e+01 1.000000017178795941e+00
6.959999999999999432e+01 9.999999813779607560e-01
6.970000000000000284e+01 9.999999666616465888e-01
6.979999999999999716e+01 1.000000021992527799e+00
6.989999999999999147e+01 1.000000042133893263e+00
7.000000000000000000e+01 1.000000028174697686e+00
7.009999999999999432e+01 1.000000004318019053e+00
7.020000000000000284e+01 1.000000004381341290e+00
7.029999999999999716e+01 1.000000006742602254e+00
7.039999999999999147e+01 1.000000025099606393e+00
7.050000000000000000e+01 1.000000039793919715e+00
7.059999999999999432e+01 1.000000043612109701e+00
7.070000000000000284e+01 1.000000017505197070e+00
7.079999999999999716e+01 9.999999871641519489e-01
7.089999999999999147e+01 9.999999971208489713e-01
7.100000000000000000e+01 1.000000022782115305e+00
7.109999999999999432e+01 1.000000053371212339e+00
7.120000000000000284e+01 1.000000063571816034e+00
7.129999999999999716e+01 1.000000063142657103e+00
7.139999999999999147e+01 1.000000023681163031e+00
7.150000000000000000e+01 1.000000002265070576e+00
7.159999999999999432e+01 1.000000027934685676e+00
7.170000000000000284e+01 1.000000091513011391e+00
7.179999999999999716e+01 1.000000067642197399e+00
7.189999999999999147e+01 1.000000036987165331e+00
7.200000000000000000e+01 1.000000028205338953e+00
7.209999999999999432e+01 1.000000040078537600e+00
7.220000000000000284e+01 1.000000047319483443e+00
7.229999999999999716e+01 1.000000057362099737e+00
7.239999999999999147e+01 1.000000032888359813e+00
7.250000000000000000e+01 1.000000044853660564e+00
7.259999999999999432e+01 1.000000055336378368e+00
7.270000000000000284e+01 1.000000074673574879e+00
7.279999999999999716e+01 1.000000045239087365e+00
7.289999999999999147e+01 1.000000042068945882e+00
7.300000000000000000e+01 1.000000053983544301e+00
7.309999999999999432e+01 1.000000081781446282e+00
7.320000000000000284e+01 1.000000065312769859e+00
7.329999999999999716e+01 1.000000018190455364e+00
7.339999999999999147e+01 9.999999608983296540e-01
7.350000000000000000e+01 1.000000021837004871e+00
7.359999999999999432e+01 1.000000116096055658e+00
7.370000000000000284e+01 1.000000063687847884e+00
7.379999999999999716e+01 9.999999531339859304e-01
7.389999999999999147e+01 9.999999645055834829e-01
7.400000000000000000e+01 9.999999973329208869e-01
7.409999999999999432e+01 1.000000056814670302e+00
7.420000000000000284e+01 1.000000044505345409e+00
7.429999999999999716e+01 1.000000020593575067e+00
7.439999999999999147e+01 9.999999783538998654e-01
7.450000000000000000e+01 9.999999663931342653e-01
7.459999999999999432e+01 9.999999767130700601e-01
7.470000000000000284e+01 1.000000009866634842e+00
7.479999999999999716e+01 1.000000004739801218e+00
7.489999999999999147e+01 9.999999902342505687e-01
7.500000000000000000e+01 9.999999498781358964e-01
7.509999999999999432e+01 9.999999473735002864e-01
7.520000000000000284e+01 9.999999569884563400e-01
7.529999999999999716e+01 1.000000011877489214e+00
7.539999999999999147e+01 1.000000044692895607e+00
7.550000000000000000e+01 1.000000027460352214e+00
7.559999999999999432e+01 9.999999420507683645e-01
7.570000000000000284e+01 9.999999429946012652e-01
7.579999999999999716e+01 1.000000015247158869e+00
7.589999999999999147e+01 1.000000051854254668e+00
7.600000000000000000e+01 1.000000014683781302e+00
7.609999999999999432e+01 9.999999824240390911e-01
7.620000000000000284e+01 9.999999696553586448e-01
7.629999999999999716e+01 9.999999776383390326e-01
7.639999999999999147e+01 9.999999960451516623e-01
7.650000000000000000e+01 1.000000019879037083e+00
7.659999999999999432e+01 1.000000026160359434e+00
7.670000000000000284e+01 9.999999962231536088e-01
7.679999999999999716e+01 9.999999510320833895e-01
7.690000000000000568e+01 9.999999663646149672e-01
7.700000000000000000e+01 1.000000014832306050e+00
7.709999999999999432e+01 1.000000054096010560e+00
7.720000000000000284e+01 1.000000037516124873e+00
7.729999999999999716e+01 9.999999645501241874e-01
7.740000000000000568e+01 9.999998972340022885e-01
7.750000000000000000e+01 9.999999785344060310e-01
7.759999999999999432e+01 1.000000068924053132e+00
7.770000000000000284e+01 9.999999801352104090e-01
7.779999999999999716e+01 9.999999222700575174e-01
7.790000000000000568e+01 9.999999598266829937e-01
7.800000000000000000e+01 1.000000012579964848e+00
7.809999999999999432e+01 9.999999968515144166e-01
7.820000000000000284e+01 9.999999712609014546e-01
7.829999999999999716e+01 9.999999427079209191e-01
7.840000000000000568e+01 9.999999543574028538e-01
7.850000000000000000e+01 9.999999829716769151e-01
7.859999999999999432e+01 1.000000018895197851e+00
7.870000000000000284e+01 9.999999981554074102e-01
7.879999999999999716e+01 9.999999624700187661e-01
7.890000000000000568e+01 9.999999367749093926e-01
7.900000000000000000e+01 9.999999813874639321e-01
7.909999999999999432e+01 1.000000018233015986e+00
7.920000000000000284e+01 1.000000021171572717e+00
7.929999999999999716e+01 9.999999293085131136e-01
7.940000000000000568e+01 9.999998824481798332e-01
7.950000000000000000e+01 9.999999876520011544e-01
7.959999999999999432e+01 1.000000129085678369e+00
7.970000000000000284e+01 9.999999794058099800e-01
7.979999999999999716e+01 9.999998765029954884e-01
7.990000000000000568e+01 9.999999229353604413e-01
8.000000000000000000e+01 1.000000025492079558e+00
8.009999999999999432e+01 1.000000052741306877e+00
8.020000000000000284e+01 1.000000016199453334e+00
8.029999999999999716e+01 9.999999424354319988e-01
8.040000000000000568e+01 9.999999407224878789e-01
8.050000000000000000e+01 9.999999595589222912e-01
8.059999999999999432e+01 1.000000005940742343e+00
8.070000000000000284e+01 1.000000000920018950e+00
8.079999999999999716e+01 9.999999916710190506e-01
8.090000000000000568e+01 9.999999590165871144e-01
8.100000000000000000e+01 9.999999656882129218e-01
8.109999999999999432e+01 9.999999786769316890e-01
8.120000000000000284e+01 1.000000022348283446e+00
8.129999999999999716e+01 1.000000044463107640e+00
8.140000000000000568e+01 1.000000043472972999e+00
8.150000000000000000e+01 9.999999725684484142e-01
8.159999999999999432e+01 9.999999734219114922e-01
8.170000000000000284e+01 1.000000033320746606e+00
8.179999999999999716e+01 1.000000087154546913e+00
8.190000000000000568e+01 1.000000058425852156e+00
8.200000000000000000e+01 1.000000031562001679e+00
8.209999999999999432e+01 1.000000001590889420e+00
8.220000000000000284e+01 1.000000016259897651e+00
8.229999999999999716e+01 1.000000045913729707e+00
8.240000000000000568e+01 1.000000096743266065e+00
8.250000000000000000e+01 1.000000109730238007e+00
8.259999999999999432e+01 1.000000092204868407e+00
8.270000000000000284e+01 1.000000041425782360e+00
8.279999999999999716e+01 1.000000035586270153e+00
8.290000000000000568e+01 1.000000085073078804e+00
8.300000000000000000e+01 1.000000171724578335e+00
8.309999999999999432e+01 1.000000170604240068e+00
8.320000000000000284e+01 1.000000068301422296e+00
8.329999999999999716e+01 9.999999415079374732e-01
8.340000000000000568e+01 9.999999848424765414e-01
8.350000000000000000e+01 1.000000243082381113e+00
8.359999999999999432e+01 1.000000251855061029e+00
8.370000000000000284e+01 9.999999928116255488e-01
8.379999999999999716e+01 9.999999655336196946e-01
8.390000000000000568e+01 1.000000089372313550e+00
8.400000000000000000e+01 1.000000182631241463e+00
8.409999999999999432e+01 1.000000154849244760e+00
8.420000000000000284e+01 1.000000084972751280e+00
8.429999999999999716e+01 1.000000040553243874e+00
8.440000000000000568e+01 1.000000075382279308e+00
8.450000000000000000e+01 1.000000123078275127e+00
8.459999999999999432e+01 1.000000142686869653e+00
8.470000000000000284e+01 1.000000120316979269e+00
8.479999999999999716e+01 1.000000094202304179e+00
8.490000000000000568e+01 1.000000084570803693e+00
8.500000000000000000e+01 1.000000095386905707e+00
8.509999999999999432e+01 1.000000119452439273e+00
8.520000000000000284e+01 1.000000125443078813e+00
8.529999999999999716e+01 1.000000101711155276e+00
8.540000000000000568e+01 1.000000111755781074e+00
8.550000000000000000e+01 1.000000165415643405e+00
8.559999999999999432e+01 1.000000146560508174e+00
8.570000000000000284e+01 1.000000067680663296e+00
8.579999999999999716e+01 1.000000077459334058e+00
8.590000000000000568e+01 1.000000135796095257e+00
8.600000000000000000e+01 1.000000154146675646e+00
8.609999999999999432e+01 1.000000138364423252e+00
8.620000000000000284e+01 1.000000093859672479e+00
8.629999999999999716e+01 1.000000070349078785e+00
8.640000000000000568e+01 1.000000078421311445e+00
8.650000000000000000e+01 1.000000118171196828e+00
8.659999999999999432e+01 1.000000117472853001e+00
8.670000000000000284e+01 1.000000108349637928e+00
8.679999999999999716e+01 1.000000079054571334e+00
8.690000000000000568e+01 1.000000071643343480e+00
8.700000000000000000e+01 1.000000068174640155e+00
8.709999999999999432e+01 1.000000094772320436e+00
8.720000000000000284e+01 1.000000121821685184e+00
8.729999999999999716e+01 1.000000125409959306e+00
8.740000000000000568e+01 1.000000047017772342e+00
8.750000000000000000e+01 1.000000002971622282e+00
8.759999999999999432e+01 1.000000056325127451e+00
8.770000000000000284e+01 1.000000123851301659e+00
8.779999999999999716e+01 1.000000101818768750e+00
8.790000000000000568e+01 1.000000055761127715e+00
8.800000000000000000e+01 1.000000011557076629e+00
8.809999999999999432e+01 1.000000018382294575e+00
8.820000000000000284e+01 1.000000042997626348e+00
8.829999999999999716e+01 1.000000091235726307e+00
8.840000000000000568e+01 1.000000093140478663e+00
8.850000000000000000e+01 1.000000072619315228e+00
8.859999999999999432e+01 1.000000018744191532e+00
8.870000000000000284e+01 1.000000009202412388e+00
8.879999999999999716e+01 1.000000024280350397e+00
8.890000000000000568e+01 1.000000060788203582e+00
8.900000000000000000e+01 1.000000077560672329e+00
8.909999999999999432e+01 1.000000053387181564e+00
8.920000000000000284e+01 9.999999808202016949e-01
8.929999999999999716e+01 9.999999429533767970e-01
8.940000000000000568e+01 9.999999865031218294e-01
8.950000000000000000e+01 1.000000114329455680e+00
8.959999999999999432e+01 1.000000052757447522e+00
8.970000000000000284e+01 9.999999323847688082e-01
8.979999999999999716e+01 9.999999372374678286e-01
8.990000000000000568e+01 1.000000004266171638e+00
9.000000000000000000e+01 1.000000029533114621e+00
9.009999999999999432e+01 1.000000009473241080e+00
9.020000000000000284e+01 9.999999665518979342e-01
9.029999999999999716e+01 9.999999459872175311e-01
9.040000000000000568e+01 9.999999631438132308e-01
9.050000000000000000e+01 9.999999685454860066e-01
9.059999999999999432e+01 9.999999486845094765e-01
9.070000000000000284e+01 9.999999402975509044e-01
9.079999999999999716e+01 9.999999514301356474e-01
9.090000000000000568e+01 9.999999675273311128e-01
9.100000000000000000e+01 9.999999560837595780e-01
9.109999999999999432e+01 9.999999468170687189e-01
9.120000000000000284e+01 9.999999453831168728e-01
9.129999999999999716e+01 9.999999616117307699e-01
9.140000000000000568e+01 1.000000003371212642e+00
9.150000000000000000e+01 9.999999834024190237e-01
9.159999999999999432e+01 9.999999319547996368e-01
9.170000000000000284e+01 9.999999249355803199e-01
9.179999999999999716e+01 9.999999533744926561e-01
9.190000000000000568e+01 9.999999692553855901e-01
9.200000000000000000e+01 9.999999705379202242e-01
9.209999999999999432e+01 9.999999574761728738e-01
9.220000000000000284e+01 9.999999423772001350e-01
9.229999999999999716e+01 9.999999331697574378e-01
9.240000000000000568e+01 9.999999499765213073e-01
9.250000000000000000e+01 9.999999725389575600e-01
9.259999999999999432e+01 9.999999822646543635e-01
9.270000000000000284e+01 9.999999702632048626e-01
9.279999999999999716e+01 9.999999616237612576e-01
9.290000000000000568e+01 9.999999515304693887e-01
9.300000000000000000e+01 9.999999562211574489e-01
9.309999999999999432e+01 9.999999560266649157e-01
9.320000000000000284e+01 9.999999766498010034e-01
9.329999999999999716e+01 9.999999705963914520e-01
9.340000000000000568e+01 9.999999420696491503e-01
9.350000000000000000e+01 9.999999218259693068e-01
9.359999999999999432e+01 9.999999673843684711e-01
9.370000000000000284e+01 9.999999877961949224e-01
9.379999999999999716e+01 9.999999813646666125e-01
9.390000000000000568e+01 9.999999533902396154e-01
9.400000000000000000e+01 9.999999575872869917e-01
9.409999999999999432e+01 9.999999592744648336e-01
9.420000000000000284e+01 9.999999836118598218e-01
9.429999999999999716e+01 9.999999842051470189e-01
9.440000000000000568e+01 9.999999910361472288e-01
9.450000000000000000e+01 9.999999842146839457e-01
9.459999999999999432e+01 9.999999898571615420e-01
9.470000000000000284e+01 9.999999758649045223e-01
9.479999999999999716e+01 9.999999764053417728e-01
9.490000000000000568e+01 9.999999645957065031e-01
9.500000000000000000e+01 9.999999967537974710e-01
9.509999999999999432e+01 1.000000005334993336e+00
9.520000000000000284e+01 1.000000015177761270e+00
9.529999999999999716e+01 9.999999774413002029e-01
9.540000000000000568e+01 9.999999658536994351e-01
9.550000000000000000e+01 9.999999868965402383e-01
9.559999999999999432e+01 1.000000030351969382e+00
9.570000000000000284e+01 1.000000014650670455e+00
9.579999999999999716e+01 9.999999982452743019e-01
9.590000000000000568e+01 9.999999823701657409e-01
9.600000000000000000e+01 9.999999950874349786e-01
9.609999999999999432e+01 1.000000000220476304e+00
9.620000000000000284e+01 1.000000011602718120e+00
9.629999999999999716e+01 9.999999876213884198e-01
9.640000000000000568e+01 9.999999924689292330e-01
9.650000000000000000e+01 9.999999825912314622e-01
9.659999999999999432e+01 9.999999936191450445e-01
9.670000000000000284e+01 9.999999985035907812e-01
9.679999999999999716e+01 1.000000018359127330e+00
9.690000000000000568e+01 1.000000018562231086e+00
9.700000000000000000e+01 1.000000009295694436e+00
9.709999999999999432e+01 9.999999941616806165e-01
9.720000000000000284e+01 9.999999974381170720e-01
9.729999999999999716e+01 1.000000003323842312e+00
9.740000000000000568e+01 1.000000039656470330e+00
9.750000000000000000e+01 1.000000031069378181e+00
9.759999999999999432e+01 1.000000005856745533e+00
9.770000000000000284e+01 9.999999888274486715e-01
9.779999999999999716e+01 1.000000008610645086e+00
9.790000000000000568e+01 1.000000018981794581e+00
9.800000000000000000e+01 1.000000024672654586e+00
9.809999999999999432e+01 1.000000016880615572e+00
9.820000000000000284e+01 1.000000017006033026e+00
9.829999999999999716e+01 1.000000026091236061e+00
9.840000000000000568e+01 1.000000035402945242e+00
9.850000000000000000e+01 1.000000031848446547e+00
9.859999999999999432e+01 1.000000031387418220e+00
9.870000000000000284e+01 1.000000028921172790e+00
9.879999999999999716e+01 1.000000032195704769e+00
9.890000000000000568e+01 1.000000019668059625e+00
9.900000000000000000e+01 1.000000004530795072e+00
9.909999999999999432e+01 9.999999937743309086e-01
9.920000000000000284e+01 1.000000003305892227e+00
9.929999999999999716e+01 1.000000026621519211e+00
9.940000000000000568e+01 1.000000021240219139e+00
9.950000000000000000e+01 9.999999925987341776e-01
9.959999999999999432e+01 9.999999847091096683e-01
9.970000000000000284e+01 1.000000006403347408e+00
9.979999999999999716e+01 1.000000013925377962e+00
9.990000000000000568e+01 1.000000012600244625e+00
1.000000000000000000e+02 1.000000000487188956e+00
1.000999999999999943e+02 9.999999884632811975e-01
1.002000000000000028e+02 9.999999876964803525e-01
1.002999999999999972e+02 9.999999968520457694e-01
1.004000000000000057e+02 9.999999982358313000e-01
1.005000000000000000e+02 1.000000000819834201e+00
1.005999999999999943e+02 9.999999886777686253e-01
1.007000000000000028e+02 9.999999831788067839e-01
1.007999999999999972e+02 9.999999743710026312e-01
1.009000000000000057e+02 9.999999888483133148e-01
1.010000000000000000e+02 1.000000004146734067e+00
1.010999999999999943e+02 1.000000018798190116e+00
1.012000000000000028e+02 1.000000016104402034e+00
1.012999999999999972e+02 9.999999974988582618e-01
1.014000000000000057e+02 9.999999742381292522e-01
1.015000000000000000e+02 9.999999960649647024e-01
1.015999999999999943e+02 1.000000012163646312e+00
1.017000000000000028e+02 1.000000010419050289e+00
1.017999999999999972e+02 9.999999909962292710e-01
1.019000000000000057e+02 9.999999967083633701e-01
1.020000000000000000e+02 9.999999959881487044e-01
1.020999999999999943e+02 1.000000006801923913e+00
1.022000000000000028e+02 9.999999967264361356e-01
1.022999999999999972e+02 9.999999952627652844e-01
1.024000000000000057e+02 9.999999940254524766e-01
