#  Description: #     Intra-molecular correlation functions (form factors) for a single grafted 
#     particle in a vaccuum with athermal, hard-sphere interactions. These data
#     were calculated from MD simulations using the Debye method.
#  
# Source:
#   Coarse Grained MD Simulation
# 
#  Diameter: 5d
#  Grafting Density:  0.32 chains/d^2
#  Graft Length: 20
#  Graft Type: Linear
#  dr: 0.1 d
#  dk: 0.031 d^-1
#  length: 1024
#  Omega Pair: Graft-Particle
# 
#  k                      Graft-Particle Omega(k)
# 
3.067961575771282340e-02 9.888282360826455841e-01
6.135923151542564680e-02 9.617317050516680510e-01
9.203884727313846326e-02 9.179754099980259596e-01
1.227184630308512936e-01 8.595651867948376212e-01
1.533980787885641239e-01 7.891190460010503172e-01
1.840776945462769543e-01 7.096835408792265820e-01
2.147573103039897569e-01 6.245433648143781102e-01
2.454369260617025872e-01 5.370254609193563233e-01
2.761165418194154175e-01 4.502875453756755575e-01
3.067961575771282479e-01 3.671573537150943922e-01
3.374757733348410782e-01 2.900023200318448957e-01
3.681553890925539085e-01 2.206234839962284977e-01
3.988350048502666834e-01 1.602247419654019844e-01
4.295146206079795137e-01 1.094031284731457609e-01
4.601942363656923440e-01 6.819607819373146862e-02
4.908738521234051744e-01 3.616130440849390365e-02
5.215534678811180047e-01 1.246902418746947613e-02
5.522330836388308350e-01 -3.977085995930964429e-03
5.829126993965436654e-01 -1.442969758375085149e-02
6.135923151542564957e-01 -2.018729876266175255e-02
6.442719309119693261e-01 -2.250054479075573599e-02
6.749515466696821564e-01 -2.250079999630597710e-02
7.056311624273949867e-01 -2.114838971765235082e-02
7.363107781851078171e-01 -1.920623904182980346e-02
7.669903939428205364e-01 -1.723280395205112336e-02
7.976700097005333667e-01 -1.559362464954135510e-02
8.283496254582461971e-01 -1.448523853135853801e-02
8.590292412159590274e-01 -1.396757525198733668e-02
8.897088569736718577e-01 -1.399962485058690517e-02
9.203884727313846881e-01 -1.447481198199944592e-02
9.510680884890975184e-01 -1.525242768697663773e-02
9.817477042468103487e-01 -1.618401601943704471e-02
1.012427320004523068e+00 -1.713224216838176231e-02
1.043106935762235787e+00 -1.798383994443025075e-02
1.073786551519948729e+00 -1.865544951110813254e-02
1.104466167277661448e+00 -1.909514507326615790e-02
1.135145783035374389e+00 -1.927994960268452490e-02
1.165825398793087109e+00 -1.921056041195534289e-02
1.196505014550800050e+00 -1.890549157670376804e-02
1.227184630308512769e+00 -1.839507241406604029e-02
1.257864246066225711e+00 -1.771533767231093723e-02
1.288543861823938430e+00 -1.690371067150790024e-02
1.319223477581651371e+00 -1.599543961115284726e-02
1.349903093339364091e+00 -1.502157278771902756e-02
1.380582709097077032e+00 -1.400783374457710735e-02
1.411262324854789751e+00 -1.297439632018486735e-02
1.441941940612502693e+00 -1.193610968301872348e-02
1.472621556370215412e+00 -1.090349825195856791e-02
1.503301172127928131e+00 -9.883426670595347324e-03
1.533980787885641073e+00 -8.880182235334937654e-03
1.564660403643353792e+00 -7.896397333814962963e-03
1.595340019401066733e+00 -6.933681905282684452e-03
1.626019635158779453e+00 -5.993233683786646816e-03
1.656699250916492394e+00 -5.076254889246599629e-03
1.687378866674205113e+00 -4.184155454735168089e-03
1.718058482431918055e+00 -3.318727808354851854e-03
1.748738098189630774e+00 -2.482101861835665779e-03
1.779417713947343715e+00 -1.676707512794149094e-03
1.810097329705056435e+00 -9.051754024562605168e-04
1.840776945462769376e+00 -1.702196986620650417e-04
1.871456561220482095e+00 5.255242667328223309e-04
1.902136176978195037e+00 1.179593246302819767e-03
1.932815792735907756e+00 1.789806318881686370e-03
1.963495408493620697e+00 2.354363009473182597e-03
1.994175024251333417e+00 2.872069416244011578e-03
2.024854640009046136e+00 3.341736246056484748e-03
2.055534255766759077e+00 3.763216816873299255e-03
2.086213871524472019e+00 4.136756186685620201e-03
2.116893487282184960e+00 4.463131884818899962e-03
2.147573103039897902e+00 4.743636405443125113e-03
2.178252718797610399e+00 4.979984712257493236e-03
2.208932334555323340e+00 5.174209241451198371e-03
2.239611950313036282e+00 5.328507410776336245e-03
2.270291566070749223e+00 5.445081626887382335e-03
2.300971181828461720e+00 5.525926801633544716e-03
2.331650797586174662e+00 5.572695360577582455e-03
2.362330413343887603e+00 5.586564751966721989e-03
2.393010029101600544e+00 5.568154952003226757e-03
2.423689644859313042e+00 5.517555585727468639e-03
2.454369260617025983e+00 5.434434503238633196e-03
2.485048876374738924e+00 5.318234255803924726e-03
2.515728492132451422e+00 5.168394864492931867e-03
2.546408107890164363e+00 4.984701329069311966e-03
2.577087723647877304e+00 4.767538613093208130e-03
2.607767339405590246e+00 4.518161626652065881e-03
2.638446955163302743e+00 4.238860219873724806e-03
2.669126570921015684e+00 3.933021684050260099e-03
2.699806186678728626e+00 3.605058264503823318e-03
2.730485802436441567e+00 3.260212181886801373e-03
2.761165418194154064e+00 2.904238162687255553e-03
2.791845033951867006e+00 2.543038466799737388e-03
2.822524649709579947e+00 2.182123628992217474e-03
2.853204265467292888e+00 1.826674378980584030e-03
2.883883881225005386e+00 1.480562746768194311e-03
2.914563496982718327e+00 1.146568485767099658e-03
2.945243112740431268e+00 8.262244157661919513e-04
2.975922728498143766e+00 5.198549354167289254e-04
3.006602344255856707e+00 2.267820163040733781e-04
3.037281960013569648e+00 -5.437757235585519313e-05
3.067961575771282590e+00 -3.253632352996352534e-04
3.098641191528995087e+00 -5.879161739548847444e-04
3.129320807286708028e+00 -8.434390601254631746e-04
3.160000423044420970e+00 -1.092745853192381329e-03
3.190680038802133911e+00 -1.335922798898478425e-03
3.221359654559846408e+00 -1.572252339024281199e-03
3.252039270317559350e+00 -1.800312075840885531e-03
3.282718886075272291e+00 -2.018082093149519817e-03
3.313398501832985232e+00 -2.223189984060090774e-03
3.344078117590697730e+00 -2.413118346610209405e-03
3.374757733348410671e+00 -2.585437268924318469e-03
3.405437349106123612e+00 -2.738004317462467817e-03
3.436116964863836554e+00 -2.869079532905064768e-03
3.466796580621549051e+00 -2.977405426852323695e-03
3.497476196379261992e+00 -3.062209486422828430e-03
3.528155812136974934e+00 -3.123184177168242953e-03
3.558835427894687431e+00 -3.160376957738051957e-03
3.589515043652400372e+00 -3.174125988794827130e-03
3.620194659410113314e+00 -3.164930215296101086e-03
3.650874275167826255e+00 -3.133422595097187097e-03
3.681553890925538752e+00 -3.080280608449692016e-03
3.712233506683251694e+00 -3.006226734208099997e-03
3.742913122440964635e+00 -2.912035951395621023e-03
3.773592738198677576e+00 -2.798563239936481713e-03
3.804272353956390074e+00 -2.666798575485446361e-03
3.834951969714103015e+00 -2.517899429158179572e-03
3.865631585471815956e+00 -2.353250760414938789e-03
3.896311201229528898e+00 -2.174460018156758670e-03
3.926990816987241395e+00 -1.983372138987241160e-03
3.957670432744954336e+00 -1.782054547164520436e-03
3.988350048502667278e+00 -1.572712159971482223e-03
4.019029664260379775e+00 -1.357632353706546367e-03
4.049709280018092272e+00 -1.139102628404376621e-03
4.080388895775804770e+00 -9.192749120650923773e-04
4.111068511533518155e+00 -7.001051333415887670e-04
4.141748127291230652e+00 -4.832227386714944167e-04
4.172427743048944038e+00 -2.698929436260421428e-04
4.203107358806656535e+00 -6.095706216156907041e-05
4.233786974564369032e+00 1.431620710632851485e-04
4.264466590322082418e+00 3.424218546753807950e-04
4.295146206079794915e+00 5.370894269703624206e-04
4.325825821837507412e+00 7.276045544007962891e-04
4.356505437595220798e+00 9.144484642782662199e-04
4.387185053352933295e+00 1.097971659602249442e-03
4.417864669110646680e+00 1.278321895325261210e-03
4.448544284868359178e+00 1.455044068865339385e-03
4.479223900626071675e+00 1.627376175962417636e-03
4.509903516383785060e+00 1.793930711727559487e-03
4.540583132141497558e+00 1.952822701044282629e-03
4.571262747899210055e+00 2.101717204326805817e-03
4.601942363656923440e+00 2.237974311906883781e-03
4.632621979414635938e+00 2.358839131490656632e-03
4.663301595172348435e+00 2.461621778446696635e-03
4.693981210930061820e+00 2.543907360682105909e-03
4.724660826687774318e+00 2.603715968421075905e-03
4.755340442445487703e+00 2.639655163321224032e-03
4.786020058203200200e+00 2.650979974673639897e-03
4.816699673960912698e+00 2.637630141871637017e-03
4.847379289718626083e+00 2.600163367420710130e-03
4.878058905476338580e+00 2.539689657474523965e-03
4.908738521234051078e+00 2.457743949842652962e-03
4.939418136991764463e+00 2.356133670303922883e-03
4.970097752749476960e+00 2.236806240691165387e-03
5.000777368507189458e+00 2.101711587617338065e-03
5.031456984264902843e+00 1.952722145433881135e-03
5.062136600022615340e+00 1.791542862348593492e-03
5.092816215780328726e+00 1.619691197427364747e-03
5.123495831538041223e+00 1.438519616072208955e-03
5.154175447295753720e+00 1.249193095289927646e-03
5.184855063053467106e+00 1.052720584342200323e-03
5.215534678811179603e+00 8.502373458903251689e-04
5.246214294568892100e+00 6.426763799678057113e-04
5.276893910326605486e+00 4.310759057188619995e-04
5.307573526084317983e+00 2.165381194500523674e-04
5.338253141842031368e+00 2.758870130612307759e-07
5.368932757599743866e+00 -2.163863808118782043e-04
5.399612373357456363e+00 -4.320069795366868128e-04
5.430291989115169748e+00 -6.450322858541689217e-04
5.460971604872882246e+00 -8.538056088217816329e-04
5.491651220630594743e+00 -1.056609260771709151e-03
5.522330836388308128e+00 -1.251670058540823964e-03
5.553010452146020626e+00 -1.437222569001435097e-03
5.583690067903733123e+00 -1.611537857330116530e-03
5.614369683661446508e+00 -1.772983335330227455e-03
5.645049299419159006e+00 -1.920089140785654659e-03
5.675728915176872391e+00 -2.051565351048477166e-03
5.706408530934584888e+00 -2.166369502736148304e-03
5.737088146692297386e+00 -2.263731618557000488e-03
5.767767762450010771e+00 -2.343139208661970674e-03
5.798447378207723268e+00 -2.404339770088418076e-03
5.829126993965435766e+00 -2.447288291992521028e-03
5.859806609723149151e+00 -2.472102258108071268e-03
5.890486225480861648e+00 -2.478956656946141191e-03
5.921165841238574146e+00 -2.468046479220471680e-03
5.951845456996287531e+00 -2.439461733152497886e-03
5.982525072754000028e+00 -2.393164389875352630e-03
6.013204688511713414e+00 -2.328992406883711834e-03
6.043884304269425911e+00 -2.246585819620852253e-03
6.074563920027138408e+00 -2.145509642833708010e-03
6.105243535784851794e+00 -2.025316405148844690e-03
6.135923151542564291e+00 -1.885661147777639582e-03
6.166602767300276788e+00 -1.726473907174742297e-03
6.197282383057990174e+00 -1.548059714795744146e-03
6.227961998815702671e+00 -1.351276077821898227e-03
6.258641614573416057e+00 -1.137585226111785097e-03
6.289321230331128554e+00 -9.091106048435801433e-04
6.320000846088841051e+00 -6.685981262796655009e-04
6.350680461846554437e+00 -4.193534220165186493e-04
6.381360077604266934e+00 -1.650675288654942824e-04
6.412039693361979431e+00 9.037149692639213092e-05
6.442719309119692817e+00 3.430990587788937830e-04
6.473398924877405314e+00 5.895153647032791693e-04
6.504078540635117811e+00 8.264564792246472053e-04
6.534758156392831197e+00 1.051357985196679822e-03
6.565437772150543694e+00 1.262329680013128674e-03
6.596117387908257079e+00 1.458150827694415898e-03
6.626797003665969577e+00 1.638184917047027069e-03
6.657476619423682074e+00 1.802251921684974592e-03
6.688156235181395459e+00 1.950409319227106074e-03
6.718835850939107956e+00 2.082764600751161026e-03
6.749515466696820454e+00 2.199280283643415684e-03
6.780195082454533839e+00 2.299631317716188325e-03
6.810874698212246336e+00 2.383037509734141357e-03
6.841554313969959722e+00 2.448398949511640822e-03
6.872233929727672219e+00 2.494263166965994451e-03
6.902913545485384716e+00 2.518985223326287645e-03
6.933593161243098102e+00 2.520915201452724169e-03
6.964272777000810599e+00 2.498605692163915256e-03
6.994952392758523096e+00 2.451011777423187359e-03
7.025632008516236482e+00 2.377636020931203631e-03
7.056311624273948979e+00 2.278668451417684235e-03
7.086991240031661476e+00 2.154976564379086287e-03
7.117670855789374862e+00 2.008122816380234887e-03
7.148350471547087359e+00 1.840217134905717134e-03
7.179030087304800745e+00 1.653809424949343734e-03
7.209709703062513242e+00 1.451731955838571862e-03
7.240389318820225739e+00 1.236924769368553815e-03
7.271068934577939125e+00 1.012297800709175940e-03
7.301748550335651622e+00 7.806344465014929991e-04
7.332428166093364119e+00 5.445453624883915284e-04
7.363107781851077505e+00 3.064439648383335702e-04
7.393787397608790002e+00 6.857237415047197750e-05
7.424467013366502499e+00 -1.669529718349596712e-04
7.455146629124215885e+00 -3.980888543459343851e-04
7.485826244881928382e+00 -6.228324919547802195e-04
7.516505860639641767e+00 -8.391750607297185100e-04
7.547185476397354265e+00 -1.045117634690602947e-03
7.577865092155066762e+00 -1.238684035305731091e-03
7.608544707912780147e+00 -1.418020046464277609e-03
7.639224323670492645e+00 -1.581235512772443709e-03
7.669903939428205142e+00 -1.726786245968222255e-03
7.700583555185918527e+00 -1.853304828429916092e-03
7.731263170943631025e+00 -1.959691331460428065e-03
7.761942786701344410e+00 -2.045135812061677893e-03
7.792622402459056907e+00 -2.109120813561114229e-03
7.823302018216769405e+00 -2.151433861375359833e-03
7.853981633974482790e+00 -2.172127467379094887e-03
7.884661249732195287e+00 -2.171514129708985129e-03
7.915340865489907785e+00 -2.150148834212175630e-03
7.946020481247621170e+00 -2.108824054445677595e-03
7.976700097005333667e+00 -2.048544753273511074e-03
8.007379712763047053e+00 -1.970513230567715220e-03
8.038059328520759550e+00 -1.876129565761671704e-03
8.068738944278472047e+00 -1.766956256792627609e-03
8.099418560036184545e+00 -1.644673239438566121e-03
8.130098175793897042e+00 -1.511012947455942206e-03
8.160777791551611315e+00 -1.367742813230830683e-03
8.191457407309323813e+00 -1.216562776057954686e-03
8.222137023067036310e+00 -1.059046284338443101e-03
8.252816638824748807e+00 -8.966252944539890388e-04
8.283496254582461304e+00 -7.305352765893923786e-04
8.314175870340175578e+00 -5.618362079467708247e-04
8.344855486097888075e+00 -3.914298219822887623e-04
8.375535101855600573e+00 -2.201198504608226807e-04
8.406214717613313070e+00 -4.862359382940708674e-05
8.436894333371025567e+00 1.221254864224565135e-04
8.467573949128738064e+00 2.912374125351451133e-04
8.498253564886452338e+00 4.575846014576869067e-04
8.528933180644164835e+00 6.198207327409465707e-04
8.559612796401877333e+00 7.763965963647896347e-04
8.590292412159589830e+00 9.255629988737824063e-04
8.620972027917302327e+00 1.065454008230156974e-03
8.651651643675016601e+00 1.194171198203124217e-03
8.682331259432729098e+00 1.309861646419535576e-03
8.713010875190441595e+00 1.410867421892713367e-03
8.743690490948154093e+00 1.495766083750445967e-03
8.774370106705866590e+00 1.563490173449204497e-03
8.805049722463580864e+00 1.613359548867627103e-03
8.835729338221293361e+00 1.645121814871376795e-03
8.866408953979005858e+00 1.658924529409883325e-03
8.897088569736718355e+00 1.655335167361316178e-03
8.927768185494430853e+00 1.635241188477491161e-03
8.958447801252143350e+00 1.599822538450099488e-03
8.989127417009857623e+00 1.550466655473791474e-03
9.019807032767570121e+00 1.488713472667493052e-03
9.050486648525282618e+00 1.416160425888139500e-03
9.081166264282995115e+00 1.334417453591479116e-03
9.111845880040707613e+00 1.245042002335778946e-03
9.142525495798421886e+00 1.149491528282964780e-03
9.173205111556134383e+00 1.049083998898443695e-03
9.203884727313846881e+00 9.449470373375418219e-04
9.234564343071559378e+00 8.381063482692346607e-04
9.265243958829271875e+00 7.293077849576680947e-04
9.295923574586984373e+00 6.191458052297796463e-04
9.326603190344698646e+00 5.080446290290484973e-04
9.357282806102411143e+00 3.962927367810388686e-04
9.387962421860123641e+00 2.840831176918247889e-04
9.418642037617836138e+00 1.715638917953642639e-04
9.449321653375548635e+00 5.889220664692733061e-05
9.480001269133262909e+00 -5.371059135850599265e-05
9.510680884890975406e+00 -1.659092602953326243e-04
9.541360500648687903e+00 -2.772117909164750261e-04
9.572040116406400401e+00 -3.869586572696863945e-04
9.602719732164112898e+00 -4.942970629257779653e-04
9.633399347921825395e+00 -5.982082914252504977e-04
9.664078963679539669e+00 -6.975383947520615935e-04
9.694758579437252166e+00 -7.910494201543768339e-04
9.725438195194964663e+00 -8.774814154412489443e-04
9.756117810952677161e+00 -9.556221745471299434e-04
9.786797426710389658e+00 -1.024374483373732088e-03
9.817477042468103932e+00 -1.082823365578800641e-03
9.848156658225816429e+00 -1.130269832013757738e-03
9.878836273983528926e+00 -1.166290625452630391e-03
9.909515889741241423e+00 -1.190714228070582220e-03
9.940195505498953921e+00 -1.203645605805132553e-03
9.970875121256666418e+00 -1.205418524701443519e-03
1.000155473701438069e+01 -1.196580539068668649e-03
1.003223435277209319e+01 -1.177758755202645315e-03
1.006291396852980569e+01 -1.149851017589831196e-03
1.009359358428751818e+01 -1.113650070331748121e-03
1.012427320004523068e+01 -1.069990639740191207e-03
1.015495281580294495e+01 -1.019678886694002935e-03
1.018563243156065745e+01 -9.632750301820215775e-04
1.021631204731836995e+01 -9.018130413644902905e-04
1.024699166307608245e+01 -8.357069637627732254e-04
1.027767127883379494e+01 -7.654782466787220371e-04
1.030835089459150922e+01 -6.915880232554960866e-04
1.033903051034922171e+01 -6.141966900406601497e-04
1.036971012610693421e+01 -5.341945269345370079e-04
1.040038974186464671e+01 -4.517153280111791932e-04
1.043106935762235921e+01 -3.671464669117164279e-04
1.046174897338007170e+01 -2.806143285581263916e-04
1.049242858913778598e+01 -1.931157351517986725e-04
1.052310820489549847e+01 -1.048354889833973336e-04
1.055378782065321097e+01 -1.626910952278813984e-05
1.058446743641092347e+01 7.207180933854455559e-05
1.061514705216863597e+01 1.599345650662395717e-04
1.064582666792635024e+01 2.462068876141972106e-04
1.067650628368406274e+01 3.306338040448795492e-04
1.070718589944177523e+01 4.126782918003349073e-04
1.073786551519948773e+01 4.918135511187052668e-04
1.076854513095720023e+01 5.677663266710587320e-04
1.079922474671491273e+01 6.395328035221547937e-04
1.082990436247262700e+01 7.068546167256136445e-04
1.086058397823033950e+01 7.692109357531653731e-04
1.089126359398805199e+01 8.260707805880051872e-04
1.092194320974576449e+01 8.770432403311861436e-04
1.095262282550347699e+01 9.212295294531222664e-04
1.098330244126119126e+01 9.582310764344435534e-04
1.101398205701890376e+01 9.874676509819238675e-04
1.104466167277661626e+01 1.008413588861041847e-03
1.107534128853432875e+01 1.020620064634295606e-03
1.110602090429204125e+01 1.023633909465485048e-03
1.113670052004975375e+01 1.017263481378209234e-03
1.116738013580746802e+01 1.001416510470133159e-03
1.119805975156518052e+01 9.762010879498399024e-04
1.122873936732289302e+01 9.417874591609540777e-04
1.125941898308060551e+01 8.988883013116008092e-04
1.129009859883831801e+01 8.480623212616578057e-04
1.132077821459603229e+01 7.901114008185585987e-04
1.135145783035374478e+01 7.259489484332640229e-04
1.138213744611145728e+01 6.563143287131648334e-04
1.141281706186916978e+01 5.826399391581771467e-04
1.144349667762688227e+01 5.056600863427899127e-04
1.147417629338459477e+01 4.262646003268404137e-04
1.150485590914230905e+01 3.452571706889743120e-04
1.153553552490002154e+01 2.630777986487516399e-04
1.156621514065773404e+01 1.808611837773757113e-04
1.159689475641544654e+01 9.886420695456406206e-05
1.162757437217315903e+01 1.753713543921421093e-05
1.165825398793087331e+01 -6.271788804752988352e-05
1.168893360368858581e+01 -1.417817797152754486e-04
1.171961321944629830e+01 -2.187724830577238112e-04
1.175029283520401080e+01 -2.935787800335988703e-04
1.178097245096172330e+01 -3.658178827832106786e-04
1.181165206671943579e+01 -4.350965144666033750e-04
1.184233168247715007e+01 -5.012234237862701501e-04
1.187301129823486256e+01 -5.633643530198553274e-04
1.190369091399257506e+01 -6.213470779638977743e-04
1.193437052975028756e+01 -6.747931620090492173e-04
1.196505014550800006e+01 -7.235000748131356890e-04
1.199572976126571433e+01 -7.668261734893260613e-04
1.202640937702342683e+01 -8.046295298230888952e-04
1.205708899278113932e+01 -8.366270199547590344e-04
1.208776860853885182e+01 -8.625507270272688050e-04
1.211844822429656432e+01 -8.821994442742603533e-04
1.214912784005427859e+01 -8.951996074584894943e-04
1.217980745581199109e+01 -9.013772854936175430e-04
1.221048707156970359e+01 -9.004946219555719526e-04
1.224116668732741608e+01 -8.923388590549555417e-04
1.227184630308512858e+01 -8.766674827262806342e-04
1.230252591884284108e+01 -8.534591979748315039e-04
1.233320553460055535e+01 -8.226205684536445429e-04
1.236388515035826785e+01 -7.841973477251634825e-04
1.239456476611598035e+01 -7.383663885045793759e-04
1.242524438187369284e+01 -6.852605848330044344e-04
1.245592399763140534e+01 -6.256929554537114411e-04
1.248660361338911962e+01 -5.601151571317810295e-04
1.251728322914683211e+01 -4.892797218240948695e-04
1.254796284490454461e+01 -4.140640941278416550e-04
1.257864246066225711e+01 -3.351592824860669486e-04
1.260932207641996960e+01 -2.540763682594960292e-04
1.264000169217768210e+01 -1.715534958486862095e-04
1.267068130793539638e+01 -8.853230703587099679e-05
1.270136092369310887e+01 -5.864368018182819302e-06
1.273204053945082137e+01 7.597963583445594034e-05
1.276272015520853387e+01 1.558649845278858902e-04
1.279339977096624636e+01 2.335861697849495370e-04
1.282407938672396064e+01 3.087784791769041600e-04
1.285475900248167314e+01 3.811577812454879761e-04
1.288543861823938563e+01 4.506925528007360007e-04
1.291611823399709813e+01 5.166702918899514435e-04
1.294679784975481063e+01 5.789951318329309739e-04
1.297747746551252312e+01 6.372452149357248595e-04
1.300815708127023740e+01 6.908877124726270661e-04
1.303883669702794990e+01 7.394186571391930373e-04
1.306951631278566239e+01 7.817656287283978158e-04
1.310019592854337489e+01 8.172710381178370682e-04
1.313087554430108739e+01 8.451005670082204282e-04
1.316155516005880166e+01 8.644819329198702136e-04
1.319223477581651416e+01 8.747837830222527939e-04
1.322291439157422666e+01 8.754699763587477871e-04
1.325359400733193915e+01 8.663595295491329819e-04
1.328427362308965165e+01 8.475027138524238732e-04
1.331495323884736415e+01 8.192493254751406296e-04
1.334563285460507842e+01 7.820976356615714923e-04
1.337631247036279092e+01 7.371657179410625238e-04
1.340699208612050342e+01 6.854225972604441027e-04
1.343767170187821591e+01 6.280788937523400532e-04
1.346835131763592841e+01 5.664028737522122138e-04
1.349903093339364268e+01 5.014242392651745020e-04
1.352971054915135518e+01 4.347149898944081955e-04
1.356039016490906768e+01 3.670686856546919482e-04
1.359106978066678018e+01 2.992857660238987640e-04
1.362174939642449267e+01 2.317396892434535013e-04
1.365242901218220695e+01 1.652463090577027931e-04
1.368310862793991944e+01 9.977213360821626667e-05
1.371378824369763194e+01 3.535305512549023060e-05
1.374446785945534444e+01 -2.807456742335903417e-05
1.377514747521305694e+01 -9.081793744861775075e-05
1.380582709097076943e+01 -1.525558243319010169e-04
1.383650670672848371e+01 -2.135098828448278336e-04
1.386718632248619620e+01 -2.735854672449154106e-04
1.389786593824390870e+01 -3.325505351354733478e-04
1.392854555400162120e+01 -3.902166244701798094e-04
1.395922516975933370e+01 -4.456918506061789296e-04
1.398990478551704797e+01 -4.985317187116495219e-04
1.402058440127476047e+01 -5.480158403232025192e-04
1.405126401703247296e+01 -5.933780488308870163e-04
1.408194363279018546e+01 -6.339700253487567071e-04
1.411262324854789796e+01 -6.687881035427452542e-04
1.414330286430561046e+01 -6.972962679359575189e-04
1.417398248006332473e+01 -7.189104070048738275e-04
1.420466209582103723e+01 -7.331668915334093196e-04
1.423534171157874972e+01 -7.397399198535316691e-04
1.426602132733646222e+01 -7.383882838919884548e-04
1.429670094309417472e+01 -7.290864723971763814e-04
1.432738055885188899e+01 -7.119231261191703852e-04
1.435806017460960149e+01 -6.871439222994978188e-04
1.438873979036731399e+01 -6.550305668294187107e-04
1.441941940612502648e+01 -6.163339812177763511e-04
1.445009902188273898e+01 -5.716431748173618011e-04
1.448077863764045148e+01 -5.217684780990347907e-04
1.451145825339816575e+01 -4.676331674542153838e-04
1.454213786915587825e+01 -4.100453895154052225e-04
1.457281748491359075e+01 -3.504093276156906378e-04
1.460349710067130324e+01 -2.895719993357521397e-04
1.463417671642901574e+01 -2.285083428385116370e-04
1.466485633218673001e+01 -1.680932410988353592e-04
1.469553594794444251e+01 -1.088766420340308178e-04
1.472621556370215501e+01 -5.181820214968665630e-05
1.475689517945986751e+01 2.879155667835674778e-06
1.478757479521758000e+01 5.499258663935069498e-05
1.481825441097529250e+01 1.044583984637957944e-04
1.484893402673300677e+01 1.514880314050926619e-04
1.487961364249071927e+01 1.959207573137871012e-04
1.491029325824843177e+01 2.381027306405970336e-04
1.494097287400614427e+01 2.782145347510941438e-04
1.497165248976385676e+01 3.163963745170365080e-04
1.500233210552157104e+01 3.528292659636406300e-04
1.503301172127928353e+01 3.872448732993067516e-04
1.506369133703699603e+01 4.196311051420417823e-04
1.509437095279470853e+01 4.497542302806024385e-04
1.512505056855242103e+01 4.772948800428272547e-04
1.515573018431013530e+01 5.019385575099479880e-04
1.518640980006784780e+01 5.230862682043269920e-04
1.521708941582556029e+01 5.403612902823629787e-04
1.524776903158327279e+01 5.533124284532230184e-04
1.527844864734098529e+01 5.615351400877616455e-04
1.530912826309869779e+01 5.646141173788882511e-04
1.533980787885641206e+01 5.622977235683966190e-04
1.537048749461412456e+01 5.544069663689535181e-04
1.540116711037183705e+01 5.408949877740732446e-04
1.543184672612954955e+01 5.217899703033446581e-04
1.546252634188726205e+01 4.974727039705635883e-04
1.549320595764497632e+01 4.683015014125032206e-04
1.552388557340268882e+01 4.348362365041510296e-04
1.555456518916040132e+01 3.977713079007911233e-04
1.558524480491811381e+01 3.577553434759405803e-04
1.561592442067582631e+01 3.158782362804381542e-04
1.564660403643353881e+01 2.728327819382856930e-04
1.567728365219125308e+01 2.293716585082225567e-04
1.570796326794896558e+01 1.861287736464607007e-04
1.573864288370667808e+01 1.434358720086373882e-04
1.576932249946439057e+01 1.018510491766906444e-04
1.580000211522210307e+01 6.131784638760286296e-05
1.583068173097981735e+01 2.174149182775717145e-05
1.586136134673752984e+01 -1.711259825563953823e-05
1.589204096249524234e+01 -5.568612109586369864e-05
1.592272057825295484e+01 -9.406047205879914525e-05
1.595340019401066733e+01 -1.326324960791488018e-04
1.598407980976837983e+01 -1.715458911245405034e-04
1.601475942552609411e+01 -2.107661300947821228e-04
1.604543904128380660e+01 -2.501762278328570842e-04
1.607611865704151910e+01 -2.890564999693023330e-04
1.610679827279923160e+01 -3.268776207468380404e-04
1.613747788855694409e+01 -3.628278399982909504e-04
1.616815750431465659e+01 -3.960115385631211155e-04
1.619883712007236909e+01 -4.256124847221388007e-04
1.622951673583008159e+01 -4.505985362970007027e-04
1.626019635158779764e+01 -4.703716485864507411e-04
1.629087596734551013e+01 -4.844287390127068960e-04
1.632155558310322263e+01 -4.925108058412889199e-04
1.635223519886093513e+01 -4.946070367422077899e-04
1.638291481461864763e+01 -4.909321581585899793e-04
1.641359443037636012e+01 -4.819406323351364384e-04
1.644427404613407262e+01 -4.682325972355950842e-04
1.647495366189178512e+01 -4.505097734646104808e-04
1.650563327764949761e+01 -4.294341652325386113e-04
1.653631289340721011e+01 -4.058460136136188214e-04
1.656699250916492261e+01 -3.802989876452091567e-04
1.659767212492263866e+01 -3.532855443688095814e-04
1.662835174068035116e+01 -3.251440184939881632e-04
1.665903135643806365e+01 -2.959543128227184322e-04
1.668971097219577615e+01 -2.659291427068280521e-04
1.672039058795348865e+01 -2.348717779342516523e-04
1.675107020371120115e+01 -2.025883542853013650e-04
1.678174981946891364e+01 -1.687312132600487884e-04
1.681242943522662614e+01 -1.332974075562012655e-04
1.684310905098433864e+01 -9.601731786516929778e-05
1.687378866674205113e+01 -5.684274385308970179e-05
1.690446828249976363e+01 -1.587640290754990883e-05
1.693514789825747968e+01 2.673783379824633670e-05
1.696582751401519218e+01 7.025088446107202202e-05
1.699650712977290468e+01 1.141470771392299164e-04
1.702718674553061717e+01 1.576168698092506298e-04
1.705786636128832967e+01 1.997383165142544532e-04
1.708854597704604217e+01 2.396684840259274214e-04
1.711922559280375467e+01 2.761880039509395841e-04
1.714990520856146716e+01 3.085584188730634684e-04
1.718058482431917966e+01 3.360591467569886033e-04
1.721126444007689216e+01 3.581851074730361267e-04
1.724194405583460465e+01 3.747298722420017397e-04
1.727262367159232070e+01 3.856047797776277798e-04
1.730330328735003320e+01 3.911510783288778444e-04
1.733398290310774570e+01 3.918820926261666919e-04
1.736466251886545820e+01 3.884981369649639265e-04
1.739534213462317069e+01 3.817836772068657937e-04
1.742602175038088319e+01 3.726278308652936620e-04
1.745670136613859569e+01 3.618102246151363934e-04
1.748738098189630819e+01 3.500115639166530182e-04
1.751806059765402068e+01 3.377380135053199882e-04
1.754874021341173318e+01 3.252422801846115152e-04
1.757941982916944923e+01 3.126769666389705407e-04
1.761009944492716173e+01 2.998609818739936153e-04
1.764077906068487422e+01 2.864773845204496489e-04
1.767145867644258672e+01 2.720871337097249452e-04
1.770213829220029922e+01 2.561394257719567624e-04
1.773281790795801172e+01 2.382519066857172348e-04
1.776349752371572421e+01 2.179621376748773151e-04
1.779417713947343671e+01 1.949898676569871510e-04
1.782485675523114921e+01 1.692295636325269242e-04
1.785553637098886171e+01 1.406699503619937227e-04
1.788621598674657420e+01 1.097753507339168158e-04
1.791689560250429025e+01 7.691276039471656449e-05
1.794757521826200275e+01 4.267809851764067385e-05
1.797825483401971525e+01 7.764050643654460556e-06
1.800893444977742774e+01 -2.721012911663217955e-05
1.803961406553514024e+01 -6.130158041344129589e-05
1.807029368129285274e+01 -9.397672029903014778e-05
1.810097329705056524e+01 -1.247003590836689903e-04
1.813165291280827773e+01 -1.530834656282301846e-04
1.816233252856599023e+01 -1.789764339348786054e-04
1.819301214432370273e+01 -2.021384006410952049e-04
1.822369176008141523e+01 -2.227289697934032968e-04
1.825437137583913128e+01 -2.409327664089162195e-04
1.828505099159684377e+01 -2.570088228692942725e-04
1.831573060735455627e+01 -2.712868730412990623e-04
1.834641022311226877e+01 -2.839392596577622850e-04
1.837708983886998126e+01 -2.952220131368671775e-04
1.840776945462769376e+01 -3.052497665385753484e-04
1.843844907038540626e+01 -3.140541124060352435e-04
1.846912868614311876e+01 -3.214692108792155194e-04
1.849980830190083125e+01 -3.273090738387035635e-04
1.853048791765854375e+01 -3.312774371668428665e-04
1.856116753341625625e+01 -3.330303958619561179e-04
1.859184714917397230e+01 -3.322055291311710296e-04
1.862252676493168480e+01 -3.284802370445003743e-04
1.865320638068939729e+01 -3.215871192238527643e-04
1.868388599644710979e+01 -3.113419263656105494e-04
1.871456561220482229e+01 -2.976655811320067370e-04
1.874524522796253478e+01 -2.805254860169149747e-04
1.877592484372024728e+01 -2.601635412877191782e-04
1.880660445947795978e+01 -2.367509462977157055e-04
1.883728407523567228e+01 -2.105828329940155998e-04
1.886796369099338477e+01 -1.820173084751077917e-04
1.889864330675109727e+01 -1.513526430903763039e-04
1.892932292250881332e+01 -1.192198118377134130e-04
1.896000253826652582e+01 -8.597622150736008008e-05
1.899068215402423832e+01 -5.209086072037108625e-05
1.902136176978195081e+01 -1.804524973919595826e-05
1.905204138553966331e+01 1.578227035490252324e-05
1.908272100129737581e+01 4.869593865914168625e-05
1.911340061705508830e+01 8.034312746133483499e-05
1.914408023281280080e+01 1.102971503196540813e-04
1.917475984857051330e+01 1.381892983616098472e-04
1.920543946432822580e+01 1.638088141808690605e-04
1.923611908008593829e+01 1.867903969273208376e-04
1.926679869584365434e+01 2.071258855609942788e-04
1.929747831160136684e+01 2.248267367830364828e-04
1.932815792735907934e+01 2.400026908306878315e-04
1.935883754311679184e+01 2.528756107412097288e-04
1.938951715887450433e+01 2.635884404423924484e-04
1.942019677463221683e+01 2.724218213409709973e-04
1.945087639038992933e+01 2.795812405782882397e-04
1.948155600614764182e+01 2.852106792059777443e-04
1.951223562190535432e+01 2.893798176030058420e-04
1.954291523766306682e+01 2.920209937350272487e-04
1.957359485342077932e+01 2.930150832390983795e-04
1.960427446917849537e+01 2.921519685221426283e-04
1.963495408493620786e+01 2.891789520412426230e-04
1.966563370069392036e+01 2.838152756916963388e-04
1.969631331645163286e+01 2.758718613637214131e-04
1.972699293220934535e+01 2.651849619854483456e-04
1.975767254796705785e+01 2.517058116810861842e-04
1.978835216372477035e+01 2.355100066184100029e-04
1.981903177948248285e+01 2.167300581740896708e-04
1.984971139524019534e+01 1.957882899621050704e-04
1.988039101099790784e+01 1.730111736020512330e-04
1.991107062675562034e+01 1.488279039143551802e-04
1.994175024251333639e+01 1.235901765213459353e-04
1.997242985827104889e+01 9.786807348573014760e-05
2.000310947402876138e+01 7.192194983077152134e-05
2.003378908978647388e+01 4.601511292902103257e-05
2.006446870554418638e+01 2.032473015670987809e-05
2.009514832130189887e+01 -5.131853229179201260e-06
2.012582793705961137e+01 -3.014738179448435822e-05
2.015650755281732387e+01 -5.479217189825769265e-05
2.018718716857503637e+01 -7.905007938663289810e-05
2.021786678433274886e+01 -1.028715845491003252e-04
2.024854640009046136e+01 -1.262222485498660173e-04
2.027922601584817741e+01 -1.487672782518994206e-04
2.030990563160588991e+01 -1.703219640624290877e-04
2.034058524736360241e+01 -1.905552705882425889e-04
2.037126486312131490e+01 -2.090890245211901219e-04
2.040194447887902740e+01 -2.255747259371636585e-04
2.043262409463673990e+01 -2.395234929390754127e-04
2.046330371039445239e+01 -2.506554742806930795e-04
2.049398332615216489e+01 -2.587113717571381589e-04
2.052466294190987739e+01 -2.635361742147409735e-04
2.055534255766758989e+01 -2.650877036880663722e-04
2.058602217342530594e+01 -2.634301203582941221e-04
2.061670178918301843e+01 -2.587538169681722787e-04
2.064738140494073093e+01 -2.513285005191902657e-04
2.067806102069844343e+01 -2.414969930566016922e-04
2.070874063645615593e+01 -2.296016431233951821e-04
2.073942025221386842e+01 -2.161192876781194128e-04
2.077009986797158092e+01 -2.014063133166578857e-04
2.080077948372929342e+01 -1.858294166853600299e-04
2.083145909948700591e+01 -1.697152330943691074e-04
2.086213871524471841e+01 -1.532855313539327978e-04
2.089281833100243091e+01 -1.368672614310462881e-04
2.092349794676014696e+01 -1.205683408087525723e-04
2.095417756251785946e+01 -1.044921073137279876e-04
2.098485717827557195e+01 -8.868433875402692503e-05
2.101553679403328445e+01 -7.308780148522908292e-05
2.104621640979099695e+01 -5.774680145770099223e-05
2.107689602554870945e+01 -4.251235107689975201e-05
2.110757564130642194e+01 -2.725151664695708235e-05
2.113825525706413444e+01 -1.181526232802289182e-05
2.116893487282184694e+01 3.999892866687811696e-06
2.119961448857955943e+01 2.022540072495959348e-05
2.123029410433727193e+01 3.700814988044676698e-05
2.126097372009498798e+01 5.438525406847710133e-05
2.129165333585270048e+01 7.231927136955331706e-05
2.132233295161041298e+01 9.074779533959183775e-05
2.135301256736812547e+01 1.093411631011415426e-04
2.138369218312583797e+01 1.278653302184852699e-04
2.141437179888355047e+01 1.459613659802403156e-04
2.144505141464126297e+01 1.632246624271393000e-04
2.147573103039897546e+01 1.792845054480684229e-04
2.150641064615668796e+01 1.936252700798171298e-04
2.153709026191440046e+01 2.059305941395108937e-04
2.156776987767211295e+01 2.158927195646787825e-04
2.159844949342982900e+01 2.233042949267619829e-04
2.162912910918754150e+01 2.279785643462657824e-04
2.165980872494525400e+01 2.298900156059088546e-04
2.169048834070296650e+01 2.290658132249259878e-04
2.172116795646067899e+01 2.256036171623946500e-04
2.175184757221839149e+01 2.196329581868785967e-04
2.178252718797610399e+01 2.113815928771033560e-04
2.181320680373381649e+01 2.010480472887672795e-04
2.184388641949152898e+01 1.888608947132230562e-04
2.187456603524924148e+01 1.750567830314981070e-04
2.190524565100695398e+01 1.598252197238400293e-04
2.193592526676467003e+01 1.435069999952360089e-04
2.196660488252238252e+01 1.262952064237354280e-04
2.199728449828009502e+01 1.084274281865239137e-04
2.202796411403780752e+01 9.013459738485675259e-05
2.205864372979552002e+01 7.157484492963044173e-05
2.208932334555323251e+01 5.306744213858142849e-05
2.212000296131094501e+01 3.472471386322843946e-05
2.215068257706865751e+01 1.668628151253468412e-05
2.218136219282637001e+01 -9.448755177924569914e-07
2.221204180858408250e+01 -1.815598324490735280e-05
2.224272142434179500e+01 -3.479900538613090290e-05
2.227340104009951105e+01 -5.091667851284598420e-05
2.230408065585722355e+01 -6.650612052904050038e-05
2.233476027161493604e+01 -8.156325229211396305e-05
2.236543988737264854e+01 -9.611372437175056327e-05
2.239611950313036104e+01 -1.100153040862802544e-04
2.242679911888807354e+01 -1.232354453204041636e-04
2.245747873464578603e+01 -1.356527430556868266e-04
2.248815835040349853e+01 -1.471120191809565162e-04
2.251883796616121103e+01 -1.574608489187406964e-04
2.254951758191892353e+01 -1.664287495841662893e-04
2.258019719767663602e+01 -1.738440726729657468e-04
2.261087681343435207e+01 -1.795129657721940405e-04
2.264155642919206457e+01 -1.832721632856501408e-04
2.267223604494977707e+01 -1.850028123532563608e-04
2.270291566070748956e+01 -1.846292392365289268e-04
2.273359527646520206e+01 -1.821593802676303069e-04
2.276427489222291456e+01 -1.776619309064401140e-04
2.279495450798062706e+01 -1.712767203418834913e-04
2.282563412373833955e+01 -1.631774246978018555e-04
2.285631373949605205e+01 -1.536689804480686865e-04
2.288699335525376455e+01 -1.430188066684632739e-04
2.291767297101147705e+01 -1.315346677780018043e-04
2.294835258676919310e+01 -1.195217159092122389e-04
2.297903220252690559e+01 -1.072187356501465825e-04
2.300971181828461809e+01 -9.493900368826805464e-05
2.304039143404233059e+01 -8.281253579242703312e-05
2.307107104980004308e+01 -7.093533261727225081e-05
2.310175066555775558e+01 -5.928508937750858062e-05
2.313243028131546808e+01 -4.787960146584203664e-05
2.316310989707318058e+01 -3.655907179224402478e-05
2.319378951283089307e+01 -2.515711501455222029e-05
2.322446912858860557e+01 -1.348738527595775188e-05
2.325514874434631807e+01 -1.330082133816747355e-06
2.328582836010403412e+01 1.138147939095311555e-05
2.331650797586174662e+01 2.477353383232417218e-05
2.334718759161945911e+01 3.885706141270322834e-05
2.337786720737717161e+01 5.355513935081814800e-05
2.340854682313488411e+01 6.874823019980069532e-05
2.343922643889259660e+01 8.408374926559942196e-05
2.346990605465030910e+01 9.928399796863584853e-05
2.350058567040802160e+01 1.139683413531768891e-04
2.353126528616573410e+01 1.277259588135334261e-04
2.356194490192344659e+01 1.401791206039867997e-04
2.359262451768115909e+01 1.508503541693335709e-04
2.362330413343887514e+01 1.594268337226994136e-04
2.365398374919658764e+01 1.656149721811912259e-04
2.368466336495430014e+01 1.692017186519476654e-04
2.371534298071201263e+01 1.700610913559572198e-04
2.374602259646972513e+01 1.681613758023992142e-04
2.377670221222743763e+01 1.635799884854575363e-04
2.380738182798515012e+01 1.564862017605022997e-04
2.383806144374286262e+01 1.471417452155294959e-04
2.386874105950057512e+01 1.358504258681038791e-04
2.389942067525828762e+01 1.230919465883568563e-04
2.393010029101600367e+01 1.092867886393323972e-04
2.396077990677371616e+01 9.491131503460616277e-05
2.399145952253142866e+01 8.044219007074687483e-05
2.402213913828914116e+01 6.628365651806952482e-05
2.405281875404685366e+01 5.292431508854941231e-05
2.408349836980456615e+01 4.063890279901760422e-05
2.411417798556227865e+01 2.965616571335686382e-05
2.414485760131999115e+01 2.009636006834217249e-05
2.417553721707770364e+01 1.194446706652574437e-05
2.420621683283541614e+01 5.154213215610896153e-06
2.423689644859312864e+01 -4.991155827188040173e-07
2.426757606435084469e+01 -5.290741742789275491e-06
2.429825568010855719e+01 -9.550447013168697030e-06
2.432893529586626968e+01 -1.364483661208595228e-05
2.435961491162398218e+01 -1.789257184533068828e-05
2.439029452738169468e+01 -2.261302571721601390e-05
2.442097414313940718e+01 -2.804407259260628102e-05
2.445165375889711967e+01 -3.433294515969792591e-05
2.448233337465483217e+01 -4.154518318625927565e-05
2.451301299041254467e+01 -4.956423946331187948e-05
2.454369260617025716e+01 -5.823636000697903739e-05
2.457437222192796966e+01 -6.729382406712674613e-05
2.460505183768568571e+01 -7.640175187176808150e-05
2.463573145344339821e+01 -8.521807514877325458e-05
2.466641106920111071e+01 -9.331364951284455591e-05
2.469709068495882320e+01 -1.003799295138997649e-04
2.472777030071653570e+01 -1.061461434211455752e-04
2.475844991647424820e+01 -1.104431098836235349e-04
2.478912953223196070e+01 -1.131674021899292920e-04
2.481980914798967319e+01 -1.143639380201351066e-04
2.485048876374738569e+01 -1.141560761283564766e-04
2.488116837950509819e+01 -1.127426572207227079e-04
2.491184799526281068e+01 -1.103542019703629000e-04
2.494252761102052673e+01 -1.072547859439868396e-04
2.497320722677823923e+01 -1.036556723417908260e-04
2.500388684253595173e+01 -9.971751394480100439e-05
2.503456645829366423e+01 -9.552026393152673314e-05
2.506524607405137672e+01 -9.104024930252244217e-05
2.509592568980908922e+01 -8.621174089403162339e-05
2.512660530556680172e+01 -8.085654744121800806e-05
2.515728492132451422e+01 -7.477009142257464715e-05
2.518796453708222671e+01 -6.774047614856016741e-05
2.521864415283993921e+01 -5.955761684781816465e-05
2.524932376859765171e+01 -5.015484977184351677e-05
2.528000338435536776e+01 -3.947658942492022138e-05
2.531068300011308025e+01 -2.759605812314857865e-05
2.534136261587079275e+01 -1.469594240760361386e-05
2.537204223162850525e+01 -1.012263928541568985e-06
2.540272184738621775e+01 1.300736832969098064e-05
2.543340146314393024e+01 2.699854566444676455e-05
2.546408107890164274e+01 4.053702039047750937e-05
2.549476069465935524e+01 5.321743010911243136e-05
2.552544031041706774e+01 6.471929779989580157e-05
2.555611992617478023e+01 7.468672889888055319e-05
2.558679954193249273e+01 8.296842634863035968e-05
2.561747915769020878e+01 8.947218166794022604e-05
2.564815877344792128e+01 9.420571580434198460e-05
2.567883838920563377e+01 9.727228706054459183e-05
2.570951800496334627e+01 9.881957878995158476e-05
2.574019762072105877e+01 9.908162967731527597e-05
2.577087723647877127e+01 9.831059714664719233e-05
2.580155685223648376e+01 9.676777063467979854e-05
2.583223646799419626e+01 9.469580936199860539e-05
2.586291608375190876e+01 9.232701509104566722e-05
2.589359569950962126e+01 8.982837524482385554e-05
2.592427531526733375e+01 8.731874424329452201e-05
2.595495493102504980e+01 8.485521891390456828e-05
2.598563454678276230e+01 8.242492405769359925e-05
2.601631416254047480e+01 7.998186147683552464e-05
2.604699377829818729e+01 7.740722212643212890e-05
2.607767339405589979e+01 7.455305024111053664e-05
2.610835300981361229e+01 7.125125775886461256e-05
2.613903262557132479e+01 6.731742999314840707e-05
2.616971224132903728e+01 6.261999193436436383e-05
2.620039185708674978e+01 5.702341043182625402e-05
2.623107147284446228e+01 5.045136119969560956e-05
2.626175108860217478e+01 4.288737046732443150e-05
2.629243070435989083e+01 3.435301187902604371e-05
2.632311032011760332e+01 2.502220128785435387e-05
2.635378993587531582e+01 1.505229552253525148e-05
2.638446955163302832e+01 4.683753019040037436e-06
2.641514916739074081e+01 -5.835193042710237562e-06
2.644582878314845331e+01 -1.613234729412745086e-05
2.647650839890616581e+01 -2.593542039940638597e-05
2.650718801466387831e+01 -3.495932221150843938e-05
2.653786763042159080e+01 -4.296435443695418275e-05
2.656854724617930330e+01 -4.979575269636288639e-05
2.659922686193701580e+01 -5.531590307551436785e-05
2.662990647769473185e+01 -5.954501403935535801e-05
2.666058609345244435e+01 -6.257162808737503214e-05
2.669126570921015684e+01 -6.457178992743511090e-05
2.672194532496786934e+01 -6.579317067318233181e-05
2.675262494072558184e+01 -6.651773599556681956e-05
2.678330455648329433e+01 -6.705406865651044788e-05
2.681398417224100683e+01 -6.768467466737398096e-05
2.684466378799871933e+01 -6.863747518682668225e-05
2.687534340375643183e+01 -7.005890746836034282e-05
2.690602301951414432e+01 -7.197296855948673159e-05
2.693670263527186037e+01 -7.429674234554902671e-05
2.696738225102957287e+01 -7.682706114354641779e-05
2.699806186678728537e+01 -7.926129943389145847e-05
2.702874148254499787e+01 -8.123320969001234242e-05
2.705942109830271036e+01 -8.233039598605487925e-05
2.709010071406042286e+01 -8.217911001377925550e-05
2.712078032981813536e+01 -8.046110149814823885e-05
2.715145994557584785e+01 -7.696706320353314287e-05
2.718213956133356035e+01 -7.160055559814663777e-05
2.721281917709127285e+01 -6.446936548093788136e-05
2.724349879284898535e+01 -5.577519208968984444e-05
2.727417840860670140e+01 -4.585983316600508931e-05
2.730485802436441389e+01 -3.515486222712718939e-05
2.733553764012212639e+01 -2.409869120129756853e-05
2.736621725587983889e+01 -1.323093069195092946e-05
2.739689687163755138e+01 -2.929100464877900978e-06
2.742757648739526388e+01 6.486628931823559008e-06
2.745825610315297638e+01 1.481663399719127372e-05
2.748893571891068888e+01 2.201191611961942824e-05
2.751961533466840137e+01 2.807636094706401295e-05
2.755029495042611387e+01 3.318496667193140487e-05
2.758097456618382637e+01 3.755322875272214554e-05
2.761165418194154242e+01 4.142202282041098396e-05
2.764233379769925492e+01 4.502850112122648162e-05
2.767301341345696741e+01 4.852432898117233282e-05
2.770369302921467991e+01 5.202145540994485110e-05
2.773437264497239241e+01 5.553279416362763083e-05
2.776505226073010490e+01 5.898585192184789105e-05
2.779573187648781740e+01 6.224960329709261443e-05
2.782641149224552990e+01 6.511585376715593363e-05
2.785709110800324240e+01 6.739506440718883893e-05
2.788777072376095489e+01 6.890460971870574359e-05
2.791845033951866739e+01 6.950720272484251167e-05
2.794912995527638344e+01 6.912699884478786124e-05
2.797980957103409594e+01 6.776849434667353317e-05
2.801048918679180844e+01 6.550654723635446317e-05
2.804116880254952093e+01 6.247590706929948738e-05
2.807184841830723343e+01 5.884042118517716121e-05
2.810252803406494593e+01 5.481579665582975413e-05
2.813320764982265842e+01 5.057417646450424419e-05
2.816388726558037092e+01 4.626876208083826572e-05
2.819456688133808342e+01 4.200707547341200443e-05
2.822524649709579592e+01 3.783039587461421282e-05
2.825592611285350841e+01 3.376984886462419639e-05
2.828660572861122446e+01 2.977390381106806506e-05
2.831728534436893696e+01 2.577768399142231598e-05
2.834796496012664946e+01 2.170787326176578345e-05
2.837864457588436196e+01 1.748456826520146661e-05
2.840932419164207445e+01 1.309214625933649799e-05
2.844000380739978695e+01 8.502870980136947141e-06
2.847068342315749945e+01 3.736467887970327709e-06
2.850136303891521194e+01 -1.160429157390784720e-06
2.853204265467292444e+01 -6.137396335852480890e-06
2.856272227043063694e+01 -1.108857733282910079e-05
2.859340188618834944e+01 -1.596123383576817056e-05
2.862408150194606549e+01 -2.069992783849162489e-05
2.865476111770377798e+01 -2.526846512212647207e-05
2.868544073346149048e+01 -2.966335392109671471e-05
2.871612034921920298e+01 -3.385197583379261484e-05
2.874679996497691548e+01 -3.784852043764426146e-05
2.877747958073462797e+01 -4.164562278334890390e-05
2.880815919649234047e+01 -4.521822368406297786e-05
2.883883881225005297e+01 -4.852735391536938724e-05
2.886951842800776546e+01 -5.147464987175919167e-05
2.890019804376547796e+01 -5.397169078035165705e-05
2.893087765952319046e+01 -5.590531698599124198e-05
2.896155727528090651e+01 -5.716409769505115593e-05
2.899223689103861901e+01 -5.765511580387864198e-05
2.902291650679633150e+01 -5.731436350707402427e-05
2.905359612255404400e+01 -5.613137451216891871e-05
2.908427573831175650e+01 -5.414557047014389931e-05
2.911495535406946900e+01 -5.145034798847061678e-05
2.914563496982718149e+01 -4.817369559306498064e-05
2.917631458558489399e+01 -4.450692930231718385e-05
2.920699420134260649e+01 -4.062465127712273612e-05
2.923767381710031898e+01 -3.670417860454236274e-05
2.926835343285803148e+01 -3.289834155195333498e-05
2.929903304861574753e+01 -2.930770487408842801e-05
2.932971266437346003e+01 -2.601914676331959565e-05
2.936039228013117253e+01 -2.303161424863038381e-05
2.939107189588888502e+01 -2.030822969987188157e-05
2.942175151164659752e+01 -1.777241227331803232e-05
2.945243112740431002e+01 -1.531183342238320955e-05
2.948311074316202252e+01 -1.282401177012710881e-05
2.951379035891973501e+01 -1.018037326434941758e-05
2.954446997467744751e+01 -7.268602255198638952e-06
2.957514959043516001e+01 -3.981957066112670689e-06
2.960582920619287250e+01 -2.677186632626469027e-07
2.963650882195058855e+01 3.933264204616689385e-06
2.966718843770830105e+01 8.642707642087859175e-06
2.969786805346601355e+01 1.385159081932671026e-05
2.972854766922372605e+01 1.953637235496373051e-05
2.975922728498143854e+01 2.557985294205367336e-05
2.978990690073915104e+01 3.187990051457415479e-05
2.982058651649686354e+01 3.827309023229349743e-05
2.985126613225457604e+01 4.455551477931645328e-05
2.988194574801228853e+01 5.050675844296135576e-05
2.991262536377000103e+01 5.582637202534354570e-05
2.994330497952771708e+01 6.026781263084876546e-05
2.997398459528542958e+01 6.358023678006405929e-05
3.000466421104314207e+01 6.555567136277126240e-05
3.003534382680085457e+01 6.605103342549825825e-05
3.006602344255856707e+01 6.500575772293453228e-05
3.009670305831627957e+01 6.246373634478373266e-05
3.012738267407399206e+01 5.856492680350922661e-05
3.015806228983170456e+01 5.354307344321103168e-05
3.018874190558941706e+01 4.768332946060587526e-05
3.021942152134712956e+01 4.137204343341623617e-05
3.025010113710484205e+01 3.494774490007549671e-05
3.028078075286255810e+01 2.873954227267824544e-05
3.031146036862027060e+01 2.301453756700097076e-05
3.034213998437798310e+01 1.793659655019170379e-05
3.037281960013569559e+01 1.361648055714053852e-05
3.040349921589340809e+01 1.000939218960865647e-05
3.043417883165112059e+01 6.996079117992763460e-06
3.046485844740883309e+01 4.385512884464544552e-06
3.049553806316654558e+01 1.941044931427529890e-06
3.052621767892425808e+01 -5.537873600885740136e-07
3.055689729468197058e+01 -3.308457094164662107e-06
3.058757691043968308e+01 -6.463473000077348008e-06
3.061825652619739913e+01 -1.007907610611301550e-05
3.064893614195511162e+01 -1.413952462609490419e-05
3.067961575771282412e+01 -1.850456077619506306e-05
3.071029537347053662e+01 -2.300354654658040321e-05
3.074097498922824911e+01 -2.740941823728559545e-05
3.077165460498596161e+01 -3.148065141433682956e-05
3.080233422074367411e+01 -3.500449708877082671e-05
3.083301383650138661e+01 -3.778072103480440737e-05
3.086369345225909910e+01 -3.971206280691331119e-05
3.089437306801681160e+01 -4.076849777655921602e-05
3.092505268377452410e+01 -4.100181627519610002e-05
3.095573229953224015e+01 -4.053197608058126502e-05
3.098641191528995265e+01 -3.953604999999999902e-05
3.101709153104766514e+01 -3.953604999999999902e-05
3.104777114680537764e+01 -3.953604999999999902e-05
3.107845076256309014e+01 -3.953604999999999902e-05
3.110913037832080263e+01 -3.953604999999999902e-05
3.113980999407851513e+01 -3.953604999999999902e-05
3.117048960983622763e+01 -3.953604999999999902e-05
3.120116922559394013e+01 -3.953604999999999902e-05
3.123184884135165262e+01 -3.953604999999999902e-05
3.126252845710936512e+01 -3.953604999999999902e-05
3.129320807286708117e+01 -3.953604999999999902e-05
3.132388768862479367e+01 -3.953604999999999902e-05
3.135456730438250617e+01 -3.953604999999999902e-05
3.138524692014021866e+01 -3.953604999999999902e-05
3.141592653589793116e+01 -3.953604999999999902e-05
