# Description:
#    Pair correlation functions for comb polymer grafted nanoparticle composite
# 
# Source:
#   Modica, K.J.; Martin, T.B.; Jayaraman, A.J.; Effect of Architecture on the Structure
#   and Interactions of Polymer Grafted Particles: Theory and Simulation, Macromolecules, 
#   2017, 50 (12), pp 4854-4866
#
# Diameter: 5d
# Grafting Density:  0.32 chains/d^2
# Graft Length: 20
# Graft Type: comb
# Sidechain Spacing: 2
# Sidechain Length: 3
# Matrix Length: 10
# dr: 0.1 d
# dk: 0.031 d^-1
# length: 1024
# G(r) Pair: Particle-Particle
# 
# r                      Particle-Particle G(r)
# 
1.000000000000000056e-01 0.000000000000000000e+00
2.000000000000000111e-01 0.000000000000000000e+00
3.000000000000000444e-01 0.000000000000000000e+00
4.000000000000000222e-01 0.000000000000000000e+00
5.000000000000000000e-01 0.000000000000000000e+00
5.999999999999999778e-01 0.000000000000000000e+00
7.000000000000000666e-01 0.000000000000000000e+00
8.000000000000000444e-01 0.000000000000000000e+00
9.000000000000000222e-01 0.000000000000000000e+00
1.000000000000000000e+00 0.000000000000000000e+00
1.100000000000000089e+00 0.000000000000000000e+00
1.200000000000000178e+00 0.000000000000000000e+00
1.300000000000000266e+00 0.000000000000000000e+00
1.400000000000000133e+00 0.000000000000000000e+00
1.500000000000000222e+00 0.000000000000000000e+00
1.600000000000000089e+00 0.000000000000000000e+00
1.700000000000000178e+00 0.000000000000000000e+00
1.800000000000000266e+00 0.000000000000000000e+00
1.900000000000000133e+00 0.000000000000000000e+00
2.000000000000000000e+00 0.000000000000000000e+00
2.100000000000000089e+00 0.000000000000000000e+00
2.200000000000000178e+00 0.000000000000000000e+00
2.300000000000000266e+00 0.000000000000000000e+00
2.400000000000000355e+00 0.000000000000000000e+00
2.500000000000000444e+00 0.000000000000000000e+00
2.600000000000000089e+00 0.000000000000000000e+00
2.700000000000000178e+00 0.000000000000000000e+00
2.800000000000000266e+00 0.000000000000000000e+00
2.900000000000000355e+00 0.000000000000000000e+00
3.000000000000000444e+00 0.000000000000000000e+00
3.100000000000000089e+00 0.000000000000000000e+00
3.200000000000000178e+00 0.000000000000000000e+00
3.300000000000000266e+00 0.000000000000000000e+00
3.400000000000000355e+00 0.000000000000000000e+00
3.500000000000000444e+00 0.000000000000000000e+00
3.600000000000000089e+00 0.000000000000000000e+00
3.700000000000000178e+00 0.000000000000000000e+00
3.800000000000000266e+00 0.000000000000000000e+00
3.900000000000000355e+00 0.000000000000000000e+00
4.000000000000000000e+00 0.000000000000000000e+00
4.099999999999999645e+00 0.000000000000000000e+00
4.200000000000000178e+00 0.000000000000000000e+00
4.299999999999999822e+00 0.000000000000000000e+00
4.399999999999999467e+00 0.000000000000000000e+00
4.500000000000000000e+00 0.000000000000000000e+00
4.599999999999999645e+00 0.000000000000000000e+00
4.700000000000000178e+00 0.000000000000000000e+00
4.799999999999999822e+00 0.000000000000000000e+00
4.900000000000000355e+00 0.000000000000000000e+00
5.000000000000000000e+00 0.000000000000000000e+00
5.099999999999999645e+00 4.767597930440347076e-01
5.200000000000000178e+00 1.832628692866411502e-01
5.299999999999999822e+00 9.587625281502698549e-02
5.400000000000000355e+00 6.456455047714682038e-02
5.500000000000000000e+00 5.285952857687914452e-02
5.599999999999999645e+00 5.058651468885155822e-02
5.700000000000000178e+00 5.459687184198092069e-02
5.799999999999999822e+00 6.511730097100421055e-02
5.900000000000000355e+00 8.339019360260446767e-02
6.000000000000000000e+00 1.060220175176529445e-01
6.099999999999999645e+00 1.110108658238879720e-01
6.200000000000000178e+00 9.711014180676125207e-02
6.299999999999999822e+00 8.944370550121383268e-02
6.400000000000000355e+00 8.953638352170112391e-02
6.500000000000000000e+00 9.649165819263516575e-02
6.599999999999999645e+00 1.090070639844642475e-01
6.700000000000000178e+00 1.261100296104671337e-01
6.799999999999999822e+00 1.443535206254265013e-01
6.900000000000000355e+00 1.579407093074589596e-01
7.000000000000000000e+00 1.611233306759342065e-01
7.099999999999999645e+00 1.548231929571790566e-01
7.200000000000000178e+00 1.476748240759955255e-01
7.299999999999999822e+00 1.452740950564264111e-01
7.400000000000000355e+00 1.484246028986575539e-01
7.500000000000000000e+00 1.552509416787060115e-01
7.599999999999999645e+00 1.636565012780103467e-01
7.700000000000000178e+00 1.713106483258782786e-01
7.799999999999999822e+00 1.765072923078404576e-01
7.900000000000000355e+00 1.791464005521266056e-01
8.000000000000000000e+00 1.801547351115950768e-01
8.099999999999999645e+00 1.819302008565135687e-01
8.199999999999999289e+00 1.864300729500654175e-01
8.300000000000000711e+00 1.937607559938818724e-01
8.400000000000000355e+00 2.019510596136780967e-01
8.500000000000000000e+00 2.100924724675464761e-01
8.599999999999999645e+00 2.174810074106323654e-01
8.699999999999999289e+00 2.228028047656956945e-01
8.800000000000000711e+00 2.262948906570406704e-01
8.900000000000000355e+00 2.291775587987145979e-01
9.000000000000000000e+00 2.323172003659472740e-01
9.099999999999999645e+00 2.357890400522643093e-01
9.199999999999999289e+00 2.399739702996475099e-01
9.300000000000000711e+00 2.453093879716573555e-01
9.400000000000000355e+00 2.516567764863592016e-01
9.500000000000000000e+00 2.580227324130914823e-01
9.599999999999999645e+00 2.641735001863749766e-01
9.700000000000001066e+00 2.702495912189402105e-01
9.800000000000000711e+00 2.763872284441069027e-01
9.900000000000000355e+00 2.830709367107554497e-01
1.000000000000000000e+01 2.897886825623645635e-01
1.009999999999999964e+01 2.966412507203245452e-01
1.020000000000000107e+01 3.032193317757585493e-01
1.030000000000000071e+01 3.102456054077855629e-01
1.040000000000000036e+01 3.174709674849056640e-01
1.050000000000000000e+01 3.245653805929618052e-01
1.059999999999999964e+01 3.319075895162726386e-01
1.070000000000000107e+01 3.401068076130413509e-01
1.080000000000000071e+01 3.487082646021500976e-01
1.090000000000000036e+01 3.573927317374839818e-01
1.100000000000000000e+01 3.662460044658355507e-01
1.109999999999999964e+01 3.746514741040603003e-01
1.120000000000000107e+01 3.835539812167551021e-01
1.130000000000000071e+01 3.930049210957452521e-01
1.140000000000000036e+01 4.028720194629245022e-01
1.150000000000000000e+01 4.129747026240961905e-01
1.159999999999999964e+01 4.234014867520442538e-01
1.170000000000000107e+01 4.345875327666314236e-01
1.180000000000000071e+01 4.464890271575936431e-01
1.190000000000000036e+01 4.583413236108138111e-01
1.200000000000000000e+01 4.697148633174570431e-01
1.209999999999999964e+01 4.812925820367925933e-01
1.220000000000000107e+01 4.931539489199310289e-01
1.230000000000000071e+01 5.057883655573407466e-01
1.240000000000000036e+01 5.183178720286895080e-01
1.250000000000000000e+01 5.312539348406670747e-01
1.259999999999999964e+01 5.441137389539911773e-01
1.270000000000000107e+01 5.571552995745530090e-01
1.280000000000000071e+01 5.703178321394919426e-01
1.290000000000000036e+01 5.831744259867630564e-01
1.300000000000000000e+01 5.970139666471376838e-01
1.309999999999999964e+01 6.108922298643321147e-01
1.320000000000000107e+01 6.249452903139270932e-01
1.330000000000000071e+01 6.390913405851359474e-01
1.340000000000000036e+01 6.530637648102308734e-01
1.350000000000000000e+01 6.673253556025531275e-01
1.359999999999999964e+01 6.820619118509912981e-01
1.370000000000000107e+01 6.965388350057766242e-01
1.380000000000000071e+01 7.105791473312903506e-01
1.390000000000000036e+01 7.242027307529789182e-01
1.400000000000000000e+01 7.375253501495460107e-01
1.409999999999999964e+01 7.508000636961079666e-01
1.420000000000000107e+01 7.634079809151120832e-01
1.430000000000000071e+01 7.752846450191956951e-01
1.440000000000000036e+01 7.867547798194752806e-01
1.450000000000000000e+01 7.982403904861729016e-01
1.459999999999999964e+01 8.094745107189241784e-01
1.470000000000000107e+01 8.207349205989495911e-01
1.480000000000000071e+01 8.313462844468260116e-01
1.490000000000000036e+01 8.413324837042340798e-01
1.500000000000000000e+01 8.507221250297929416e-01
1.509999999999999964e+01 8.600244779145567176e-01
1.520000000000000107e+01 8.690670375049426299e-01
1.530000000000000071e+01 8.779193672002040261e-01
1.540000000000000036e+01 8.870032221258139504e-01
1.550000000000000000e+01 8.954757310649053004e-01
1.559999999999999964e+01 9.038143907356063211e-01
1.570000000000000107e+01 9.120512286883933895e-01
1.580000000000000071e+01 9.190591662088335445e-01
1.590000000000000036e+01 9.252264153863606344e-01
1.600000000000000000e+01 9.313298115000744337e-01
1.610000000000000142e+01 9.370750564092561463e-01
1.620000000000000284e+01 9.422557529990799319e-01
1.630000000000000071e+01 9.474832908309637203e-01
1.640000000000000213e+01 9.527531990357429592e-01
1.650000000000000355e+01 9.578502564575389622e-01
1.660000000000000142e+01 9.626878674453108742e-01
1.670000000000000284e+01 9.671141891838824778e-01
1.680000000000000071e+01 9.712622443105566328e-01
1.690000000000000213e+01 9.750896350384813394e-01
1.700000000000000355e+01 9.786870340066577967e-01
1.710000000000000142e+01 9.820531963770189332e-01
1.720000000000000284e+01 9.858830028497485021e-01
1.730000000000000071e+01 9.893672356386631339e-01
1.740000000000000213e+01 9.927766824181143424e-01
1.750000000000000355e+01 9.959504497796271005e-01
1.760000000000000142e+01 9.985584348228920826e-01
1.770000000000000284e+01 1.000965314233809300e+00
1.780000000000000071e+01 1.003065394931107246e+00
1.790000000000000213e+01 1.004862651163976883e+00
1.800000000000000355e+01 1.006597482894852291e+00
1.810000000000000142e+01 1.008305237574788293e+00
1.820000000000000284e+01 1.010331991221590231e+00
1.830000000000000071e+01 1.012434134831116994e+00
1.840000000000000213e+01 1.014325418748959429e+00
1.850000000000000355e+01 1.016030181072593797e+00
1.860000000000000142e+01 1.017423304762635095e+00
1.870000000000000284e+01 1.018779595534527571e+00
1.880000000000000071e+01 1.020253438764303633e+00
1.890000000000000213e+01 1.021550701640291825e+00
1.900000000000000355e+01 1.022806492636593401e+00
1.910000000000000142e+01 1.023943066141787872e+00
1.920000000000000284e+01 1.025071148915252861e+00
1.930000000000000426e+01 1.026156583394951971e+00
1.940000000000000213e+01 1.027135417830409514e+00
1.950000000000000355e+01 1.027965517081284919e+00
1.960000000000000142e+01 1.028694846789147244e+00
1.970000000000000284e+01 1.029437981213735975e+00
1.980000000000000426e+01 1.030170615725178207e+00
1.990000000000000213e+01 1.030897936144953064e+00
2.000000000000000355e+01 1.031615816012571019e+00
2.010000000000000142e+01 1.032304938616255940e+00
2.020000000000000284e+01 1.032933136698656718e+00
2.030000000000000426e+01 1.033501844830155392e+00
2.040000000000000213e+01 1.034038379362886895e+00
2.050000000000000355e+01 1.034502261919065580e+00
2.060000000000000142e+01 1.034892850504692818e+00
2.070000000000000284e+01 1.035286455718122500e+00
2.080000000000000426e+01 1.035666497777038009e+00
2.090000000000000213e+01 1.036037890992107968e+00
2.100000000000000355e+01 1.036374316434613752e+00
2.110000000000000142e+01 1.036700285227344587e+00
2.120000000000000284e+01 1.036973553873570264e+00
2.130000000000000426e+01 1.037236412512994477e+00
2.140000000000000213e+01 1.037443642737349681e+00
2.150000000000000355e+01 1.037630295671659653e+00
2.160000000000000142e+01 1.037790719731779499e+00
2.170000000000000284e+01 1.037931477853199613e+00
2.180000000000000426e+01 1.038031453223421163e+00
2.190000000000000213e+01 1.038110396871175345e+00
2.200000000000000355e+01 1.038158818910152048e+00
2.210000000000000142e+01 1.038181268011972413e+00
2.220000000000000284e+01 1.038178425126408122e+00
2.230000000000000426e+01 1.038156001102324533e+00
2.240000000000000213e+01 1.038100120181675745e+00
2.250000000000000355e+01 1.038015951298131956e+00
2.260000000000000142e+01 1.037897607984729298e+00
2.270000000000000284e+01 1.037759152319046807e+00
2.280000000000000426e+01 1.037585440758614697e+00
2.290000000000000213e+01 1.037388709799983211e+00
2.300000000000000355e+01 1.037156483425971443e+00
2.310000000000000142e+01 1.036902457492521856e+00
2.320000000000000284e+01 1.036613262869480856e+00
2.330000000000000426e+01 1.036300590611814565e+00
2.340000000000000213e+01 1.035951510218186655e+00
2.350000000000000355e+01 1.035578644251192504e+00
2.360000000000000142e+01 1.035171606386200649e+00
2.370000000000000284e+01 1.034742797063224806e+00
2.380000000000000426e+01 1.034281075963946028e+00
2.390000000000000213e+01 1.033799327899402209e+00
2.400000000000000355e+01 1.033288071993564872e+00
2.410000000000000142e+01 1.032758546713526959e+00
2.420000000000000284e+01 1.032201333597929427e+00
2.430000000000000426e+01 1.031626364824932640e+00
2.440000000000000213e+01 1.031024925808344594e+00
2.450000000000000355e+01 1.030406812302375297e+00
2.460000000000000142e+01 1.029764399352798510e+00
2.470000000000000284e+01 1.029107592406323324e+00
2.480000000000000426e+01 1.028429684720900683e+00
2.490000000000000213e+01 1.027740209739350652e+00
2.500000000000000355e+01 1.027033872264834891e+00
2.510000000000000142e+01 1.026319150806592750e+00
2.520000000000000284e+01 1.025591170529225105e+00
2.530000000000000426e+01 1.024857776138025311e+00
2.540000000000000213e+01 1.024115175514125564e+00
2.550000000000000355e+01 1.023370000642131794e+00
2.560000000000000142e+01 1.022619051712854388e+00
2.570000000000000284e+01 1.021868656383136953e+00
2.580000000000000426e+01 1.021116707417455416e+00
2.590000000000000213e+01 1.020368520746849805e+00
2.600000000000000355e+01 1.019622086032870856e+00
2.610000000000000142e+01 1.018881091092933788e+00
2.620000000000000284e+01 1.018144589062505379e+00
2.630000000000000426e+01 1.017415788957036105e+00
2.640000000000000213e+01 1.016693908460032159e+00
2.650000000000000355e+01 1.015981408775165296e+00
2.660000000000000142e+01 1.015278808831734381e+00
2.670000000000000284e+01 1.014588255081872115e+00
2.680000000000000426e+01 1.013911025150621370e+00
2.690000000000000213e+01 1.013248238470519480e+00
2.700000000000000355e+01 1.012601121392260328e+00
2.710000000000000142e+01 1.011969531839503444e+00
2.720000000000000284e+01 1.011355161658956670e+00
2.730000000000000426e+01 1.010757385164743560e+00
2.740000000000000213e+01 1.010178049128787059e+00
2.750000000000000355e+01 1.009615808577094098e+00
2.760000000000000142e+01 1.009072944709277886e+00
2.770000000000000284e+01 1.008547897089251411e+00
2.780000000000000426e+01 1.008043884064913964e+00
2.790000000000000213e+01 1.007557879911180176e+00
2.800000000000000355e+01 1.007092409795692367e+00
2.810000000000000142e+01 1.006644373977704454e+00
2.820000000000000284e+01 1.006216971968906027e+00
2.830000000000000426e+01 1.005806694412290314e+00
2.840000000000000213e+01 1.005417078860814328e+00
2.850000000000000355e+01 1.005044068378397215e+00
2.860000000000000142e+01 1.004691536644845895e+00
2.870000000000000284e+01 1.004355184288956204e+00
2.880000000000000426e+01 1.004038931909885246e+00
2.890000000000000213e+01 1.003738154547229922e+00
2.900000000000000355e+01 1.003456466420795001e+00
2.910000000000000142e+01 1.003188777431858636e+00
2.920000000000000284e+01 1.002939044868289331e+00
2.930000000000000426e+01 1.002702048075977403e+00
2.940000000000000213e+01 1.002482198769459432e+00
2.950000000000000355e+01 1.002274174212897773e+00
2.960000000000000142e+01 1.002082292594289159e+00
2.970000000000000284e+01 1.001901155925375209e+00
2.980000000000000426e+01 1.001734700485756191e+00
2.990000000000000213e+01 1.001577577395507346e+00
3.000000000000000355e+01 1.001434154787350650e+00
3.010000000000000142e+01 1.001299190344597356e+00
3.020000000000000284e+01 1.001176442511096276e+00
3.030000000000000426e+01 1.001060837750678667e+00
3.040000000000000213e+01 1.000956635661553129e+00
3.050000000000000355e+01 1.000858916104129914e+00
3.060000000000000142e+01 1.000771638982839162e+00
3.070000000000000284e+01 1.000689680166119810e+00
3.080000000000000426e+01 1.000616706504372955e+00
3.090000000000000213e+01 1.000548095602111998e+00
3.100000000000000355e+01 1.000487668498123872e+00
3.110000000000000142e+01 1.000430835405417218e+00
3.120000000000000284e+01 1.000381131579285210e+00
3.130000000000000426e+01 1.000334248163500916e+00
3.140000000000000213e+01 1.000293721862323348e+00
3.150000000000000355e+01 1.000255651713155558e+00
3.160000000000000142e+01 1.000223198629753618e+00
3.170000000000000284e+01 1.000192320704132110e+00
3.180000000000000426e+01 1.000166006435863952e+00
3.190000000000000213e+01 1.000141258331484373e+00
3.200000000000000000e+01 1.000120917515731289e+00
3.210000000000000142e+01 1.000101456668977207e+00
3.220000000000000284e+01 1.000085384473007544e+00
3.230000000000000426e+01 1.000069992125973695e+00
3.240000000000000568e+01 1.000057567931639468e+00
3.250000000000000000e+01 1.000045798641030492e+00
3.260000000000000142e+01 1.000036507767584348e+00
3.270000000000000284e+01 1.000027436534598024e+00
3.280000000000000426e+01 1.000020342569968523e+00
3.290000000000000568e+01 1.000013429924565322e+00
3.300000000000000000e+01 1.000008211073926789e+00
3.310000000000000142e+01 1.000003111766604169e+00
3.320000000000000284e+01 9.999993894532550609e-01
3.330000000000000426e+01 9.999958044661106937e-01
3.340000000000000568e+01 9.999931402435758843e-01
3.350000000000000000e+01 9.999905412884829703e-01
3.360000000000000142e+01 9.999887276891290533e-01
3.370000000000000284e+01 9.999871781956445327e-01
3.380000000000000426e+01 9.999861876267570615e-01
3.390000000000000568e+01 9.999853195274484019e-01
3.400000000000000000e+01 9.999844596264506613e-01
3.410000000000000142e+01 9.999839179668246203e-01
3.420000000000000284e+01 9.999835822621242487e-01
3.430000000000000426e+01 9.999835892677457760e-01
3.440000000000000568e+01 9.999834293906695315e-01
3.450000000000000000e+01 9.999836154846558633e-01
3.460000000000000142e+01 9.999835468816696826e-01
3.470000000000000284e+01 9.999839260336239599e-01
3.480000000000000426e+01 9.999838483288149282e-01
3.490000000000000568e+01 9.999844868413566568e-01
3.500000000000000000e+01 9.999847811601051406e-01
3.510000000000000142e+01 9.999855794691586697e-01
3.520000000000000284e+01 9.999855496863405691e-01
3.530000000000000426e+01 9.999860838615898251e-01
3.540000000000000568e+01 9.999861449348557141e-01
3.550000000000000000e+01 9.999872581675082195e-01
3.560000000000000142e+01 9.999876792944130122e-01
3.570000000000000284e+01 9.999883957566275683e-01
3.580000000000000426e+01 9.999876877942830422e-01
3.590000000000000568e+01 9.999887513395678829e-01
3.600000000000000000e+01 9.999892603079298947e-01
3.610000000000000142e+01 9.999902298948590840e-01
3.620000000000000284e+01 9.999899244426139200e-01
3.630000000000000426e+01 9.999906669225538947e-01
3.640000000000000568e+01 9.999906148246180404e-01
3.650000000000000000e+01 9.999917142404317616e-01
3.660000000000000142e+01 9.999917743705692974e-01
3.670000000000000284e+01 9.999926695950961397e-01
3.680000000000000426e+01 9.999923781426786062e-01
3.690000000000000568e+01 9.999931988707366770e-01
3.700000000000000000e+01 9.999931342953961577e-01
3.710000000000000142e+01 9.999941736986757146e-01
3.720000000000000284e+01 9.999940582081242590e-01
3.730000000000000426e+01 9.999948536307947666e-01
3.740000000000000568e+01 9.999945691414395821e-01
3.750000000000000000e+01 9.999954623312504731e-01
3.760000000000000142e+01 9.999953971867889813e-01
3.770000000000000284e+01 9.999961694310328664e-01
3.780000000000000426e+01 9.999957106130397122e-01
3.790000000000000568e+01 9.999965385946169016e-01
3.800000000000000000e+01 9.999966700656005569e-01
3.810000000000000142e+01 9.999974363928435528e-01
3.820000000000000284e+01 9.999970704233793750e-01
3.830000000000000426e+01 9.999977210367566594e-01
3.840000000000000568e+01 9.999976448361309611e-01
3.850000000000000711e+01 9.999984781584214666e-01
3.860000000000000142e+01 9.999983351602982351e-01
3.870000000000000284e+01 9.999988747589513283e-01
3.880000000000000426e+01 9.999986256654407324e-01
3.890000000000000568e+01 9.999992470549741164e-01
3.900000000000000711e+01 9.999991784987106724e-01
3.910000000000000142e+01 9.999997337600409208e-01
3.920000000000000284e+01 9.999995707333868555e-01
3.930000000000000426e+01 1.000000009391622369e+00
3.940000000000000568e+01 9.999998112810440931e-01
3.950000000000000711e+01 1.000000180680361561e+00
3.960000000000000142e+01 1.000000144932067903e+00
3.970000000000000284e+01 1.000000727666903400e+00
3.980000000000000426e+01 1.000000752660522130e+00
3.990000000000000568e+01 1.000000967887810122e+00
4.000000000000000711e+01 1.000000753295048783e+00
4.010000000000000142e+01 1.000001015709141239e+00
4.020000000000000284e+01 1.000001082568442223e+00
4.030000000000000426e+01 1.000001411258778727e+00
4.040000000000000568e+01 1.000001433609779999e+00
4.050000000000000711e+01 1.000001561558974572e+00
4.060000000000000142e+01 1.000001461458657426e+00
4.070000000000000284e+01 1.000001461292581828e+00
4.080000000000000426e+01 1.000001473336877611e+00
4.090000000000000568e+01 1.000001733367279266e+00
4.100000000000000711e+01 1.000002033490576370e+00
4.110000000000000142e+01 1.000002025909917158e+00
4.120000000000000284e+01 1.000001787695117939e+00
4.130000000000000426e+01 1.000001518196678374e+00
4.140000000000000568e+01 1.000001825237402109e+00
4.150000000000000711e+01 1.000002331944151113e+00
4.160000000000000142e+01 1.000002795389598909e+00
4.170000000000000284e+01 1.000001936417858284e+00
4.180000000000000426e+01 1.000001206861503844e+00
4.190000000000000568e+01 1.000001929674664503e+00
4.200000000000000711e+01 1.000002861621320571e+00
4.210000000000000142e+01 1.000002386481755101e+00
4.220000000000000284e+01 1.000002036844294340e+00
4.230000000000000426e+01 1.000001679676149946e+00
4.240000000000000568e+01 1.000002156723629909e+00
4.250000000000000711e+01 1.000002265974975213e+00
4.260000000000000142e+01 1.000002569698316357e+00
4.270000000000000284e+01 1.000002112189426029e+00
4.280000000000000426e+01 1.000002218227241224e+00
4.290000000000000568e+01 1.000001986452687230e+00
4.300000000000000711e+01 1.000002363101387237e+00
4.310000000000000142e+01 1.000002135039161022e+00
4.320000000000000284e+01 1.000002384929521204e+00
4.330000000000000426e+01 1.000002052862432489e+00
4.340000000000000568e+01 1.000002307336349983e+00
4.350000000000000711e+01 1.000002026545981026e+00
4.360000000000000142e+01 1.000002352307526987e+00
4.370000000000000284e+01 1.000001999868766811e+00
4.380000000000000426e+01 1.000002311156698687e+00
4.390000000000000568e+01 1.000002125600624625e+00
4.400000000000000711e+01 1.000002479265613697e+00
4.410000000000000142e+01 1.000002010017005061e+00
4.420000000000000284e+01 1.000002270639772872e+00
4.430000000000000426e+01 1.000001946098554972e+00
4.440000000000000568e+01 1.000002317206299285e+00
4.450000000000000711e+01 1.000002059492081097e+00
4.460000000000000142e+01 1.000002346386708263e+00
4.470000000000000284e+01 1.000001914485601162e+00
4.480000000000000426e+01 1.000002110707525871e+00
4.490000000000000568e+01 1.000001804542491879e+00
4.500000000000000711e+01 1.000002162583385479e+00
4.510000000000000142e+01 1.000001892271422221e+00
4.520000000000000284e+01 1.000002168985802298e+00
4.530000000000000426e+01 1.000001796537099308e+00
4.540000000000000568e+01 1.000001980690413905e+00
4.550000000000000711e+01 1.000001670694845135e+00
4.560000000000000142e+01 1.000002000734421914e+00
4.570000000000000284e+01 1.000001916623603160e+00
4.580000000000000426e+01 1.000002126207260700e+00
4.590000000000000568e+01 1.000001599239168426e+00
4.600000000000000711e+01 1.000001714074292503e+00
4.610000000000000142e+01 1.000001496124270473e+00
4.620000000000000284e+01 1.000001812582694827e+00
4.630000000000000426e+01 1.000001643681850849e+00
4.640000000000000568e+01 1.000001785695233014e+00
4.650000000000000711e+01 1.000001407634001582e+00
4.660000000000000142e+01 1.000001487741149830e+00
4.670000000000000284e+01 1.000001282807581493e+00
4.680000000000000426e+01 1.000001514467725450e+00
4.690000000000000568e+01 1.000001451207874092e+00
4.700000000000000711e+01 1.000001580819030345e+00
4.710000000000000142e+01 1.000001314599227031e+00
4.720000000000000284e+01 1.000001293398017133e+00
4.730000000000000426e+01 1.000001153756281180e+00
4.740000000000000568e+01 1.000001389324159717e+00
4.750000000000000711e+01 1.000001433196243905e+00
4.760000000000000142e+01 1.000001472643133660e+00
4.770000000000000284e+01 1.000000959880960494e+00
4.780000000000000426e+01 1.000000796423247795e+00
4.790000000000000568e+01 1.000001245927777838e+00
4.800000000000000711e+01 1.000001477868417865e+00
4.810000000000000142e+01 1.000001196351298915e+00
4.820000000000000284e+01 1.000000959057771865e+00
4.830000000000000426e+01 1.000000957852812622e+00
4.840000000000000568e+01 1.000001113218949911e+00
4.850000000000000711e+01 1.000001216552008021e+00
4.860000000000000142e+01 1.000001140555961676e+00
4.870000000000000284e+01 1.000001064608821766e+00
4.880000000000000426e+01 1.000001014121249421e+00
4.890000000000000568e+01 1.000001141813757988e+00
4.900000000000000711e+01 1.000001052804811552e+00
4.910000000000000142e+01 1.000001059201476084e+00
4.920000000000000284e+01 1.000000946898585319e+00
4.930000000000000426e+01 1.000001090504729850e+00
4.940000000000000568e+01 1.000001023061624306e+00
4.950000000000000711e+01 1.000001143365839340e+00
4.960000000000000142e+01 1.000000938042849619e+00
4.970000000000000284e+01 1.000001013361872193e+00
4.980000000000000426e+01 1.000001004294517770e+00
4.990000000000000568e+01 1.000001225204401489e+00
5.000000000000000711e+01 1.000001011268613738e+00
5.010000000000000142e+01 1.000001069214321747e+00
5.020000000000000284e+01 1.000000913105312694e+00
5.030000000000000426e+01 1.000001080815660304e+00
5.040000000000000568e+01 1.000000941618305994e+00
5.050000000000000711e+01 1.000001129990768733e+00
5.060000000000000142e+01 1.000000928214842766e+00
5.070000000000000284e+01 1.000001064653360583e+00
5.080000000000000426e+01 1.000000842169209037e+00
5.090000000000000568e+01 1.000001044876142275e+00
5.100000000000000711e+01 1.000000914540565056e+00
5.110000000000000142e+01 1.000001120488491768e+00
5.120000000000000284e+01 1.000000914642080296e+00
5.130000000000000426e+01 1.000001078598546478e+00
5.140000000000000568e+01 1.000000828638679007e+00
5.150000000000000711e+01 1.000000988452575346e+00
5.160000000000000142e+01 1.000000808079973824e+00
5.170000000000000284e+01 1.000001066103612279e+00
5.180000000000000426e+01 1.000000818964887683e+00
5.190000000000000568e+01 1.000000899564661205e+00
5.200000000000000711e+01 1.000000711321557656e+00
5.210000000000000142e+01 1.000000935327310048e+00
5.220000000000000284e+01 1.000000778710985694e+00
5.230000000000000426e+01 1.000000954075174420e+00
5.240000000000000568e+01 1.000000755955240850e+00
5.250000000000000711e+01 1.000000893851171524e+00
5.260000000000000142e+01 1.000000737927964511e+00
5.270000000000000284e+01 1.000000909769725776e+00
5.280000000000000426e+01 1.000000756048196271e+00
5.290000000000000568e+01 1.000000932677742149e+00
5.300000000000000711e+01 1.000000765115726553e+00
5.310000000000000142e+01 1.000000914951115538e+00
5.320000000000000284e+01 1.000000735627605497e+00
5.330000000000000426e+01 1.000000871268130753e+00
5.340000000000000568e+01 1.000000731567049828e+00
5.350000000000000711e+01 1.000000856146955330e+00
5.360000000000000142e+01 1.000000772770798019e+00
5.370000000000000284e+01 1.000000901729926284e+00
5.380000000000000426e+01 1.000000752581609254e+00
5.390000000000000568e+01 1.000000878871982524e+00
5.400000000000000711e+01 1.000000837529195108e+00
5.410000000000000142e+01 1.000000955378286260e+00
5.420000000000000284e+01 1.000000883203044255e+00
5.430000000000000426e+01 1.000000953046206176e+00
5.440000000000000568e+01 1.000000886976552650e+00
5.450000000000000711e+01 1.000000959133855227e+00
5.460000000000000142e+01 1.000000954655986485e+00
5.470000000000000284e+01 1.000001039753500409e+00
5.480000000000000426e+01 1.000000991295760366e+00
5.490000000000000568e+01 1.000001008955186954e+00
5.500000000000000711e+01 1.000000948290103775e+00
5.510000000000000142e+01 1.000000977367304866e+00
5.520000000000000284e+01 1.000001006744812848e+00
5.530000000000000426e+01 1.000001056888691675e+00
5.540000000000000568e+01 1.000001086832713604e+00
5.550000000000000711e+01 1.000001105543894875e+00
5.560000000000000142e+01 1.000001099774076030e+00
5.570000000000000284e+01 1.000001066634709224e+00
5.580000000000000426e+01 1.000001141968998031e+00
5.590000000000000568e+01 1.000001136490023201e+00
5.600000000000000711e+01 1.000001163284235162e+00
5.610000000000000142e+01 1.000001098994462989e+00
5.620000000000000284e+01 1.000001163255918035e+00
5.630000000000000426e+01 1.000001118377531695e+00
5.640000000000000568e+01 1.000001197358026062e+00
5.650000000000000711e+01 1.000001108508814074e+00
5.660000000000000142e+01 1.000001177235720906e+00
5.670000000000000284e+01 1.000001109207467653e+00
5.680000000000000426e+01 1.000001216510791213e+00
5.690000000000000568e+01 1.000001127227452269e+00
5.700000000000000711e+01 1.000001231035497762e+00
5.710000000000000142e+01 1.000001116594466888e+00
5.720000000000000284e+01 1.000001236740079236e+00
5.730000000000000426e+01 1.000001144405178177e+00
5.740000000000000568e+01 1.000001246586725845e+00
5.750000000000000711e+01 1.000001079481173560e+00
5.760000000000000142e+01 1.000001192145557161e+00
5.770000000000000284e+01 1.000001106114152272e+00
5.780000000000000426e+01 1.000001257141668098e+00
5.790000000000000568e+01 1.000001105443532046e+00
5.800000000000000711e+01 1.000001224005289124e+00
5.810000000000000142e+01 1.000001088190801024e+00
5.820000000000000284e+01 1.000001237349987360e+00
5.830000000000000426e+01 1.000001124577266420e+00
5.840000000000000568e+01 1.000001291243828971e+00
5.850000000000000711e+01 1.000001149287523594e+00
5.860000000000000142e+01 1.000001281351726057e+00
5.870000000000000284e+01 1.000001122053126412e+00
5.880000000000000426e+01 1.000001273715350081e+00
5.890000000000000568e+01 1.000001136880656505e+00
5.900000000000000711e+01 1.000001277174790149e+00
5.910000000000000142e+01 1.000001145447826367e+00
5.920000000000000284e+01 1.000001274765687675e+00
5.930000000000000426e+01 1.000001147268313684e+00
5.940000000000000568e+01 1.000001304960953297e+00
5.950000000000000711e+01 1.000001194240853097e+00
5.960000000000000142e+01 1.000001380123159089e+00
5.970000000000000284e+01 1.000001249850674512e+00
5.980000000000000426e+01 1.000001351488154722e+00
5.990000000000000568e+01 1.000001228208177606e+00
6.000000000000000711e+01 1.000001381780224241e+00
6.010000000000000142e+01 1.000001274616828528e+00
6.020000000000000284e+01 1.000001390565506965e+00
6.030000000000000426e+01 1.000001269379136026e+00
6.040000000000000568e+01 1.000001387475583980e+00
6.050000000000000711e+01 1.000001284725344997e+00
6.060000000000000142e+01 1.000001385919544239e+00
6.070000000000000284e+01 1.000001285649023020e+00
6.080000000000000426e+01 1.000001386462173514e+00
6.090000000000000568e+01 1.000001305202655955e+00
6.100000000000000711e+01 1.000001409025019328e+00
6.110000000000000142e+01 1.000001336144637598e+00
6.120000000000000284e+01 1.000001416654285880e+00
6.130000000000000426e+01 1.000001350999866645e+00
6.140000000000000568e+01 1.000001439414378135e+00
6.150000000000000711e+01 1.000001402563194919e+00
6.160000000000000142e+01 1.000001444079034574e+00
6.170000000000000284e+01 1.000001336228673932e+00
6.180000000000000426e+01 1.000001364978812202e+00
6.190000000000000568e+01 1.000001348368117160e+00
6.200000000000000711e+01 1.000001394904473484e+00
6.210000000000000142e+01 1.000001358992887335e+00
6.220000000000000284e+01 1.000001370435722459e+00
6.230000000000000426e+01 1.000001318246065640e+00
6.240000000000000568e+01 1.000001322531913317e+00
6.250000000000000711e+01 1.000001308864446381e+00
6.260000000000000142e+01 1.000001328114905164e+00
6.270000000000000284e+01 1.000001342349665201e+00
6.280000000000000426e+01 1.000001337243960009e+00
6.290000000000000568e+01 1.000001340955496199e+00
6.300000000000000711e+01 1.000001316855538169e+00
6.310000000000000142e+01 1.000001334620196136e+00
6.320000000000000284e+01 1.000001310408920263e+00
6.330000000000000426e+01 1.000001323822116150e+00
6.340000000000000568e+01 1.000001279968947276e+00
6.350000000000000711e+01 1.000001293182965156e+00
6.360000000000000142e+01 1.000001238145381333e+00
6.370000000000000284e+01 1.000001315841076543e+00
6.380000000000000426e+01 1.000001297397928202e+00
6.390000000000000568e+01 1.000001332610589433e+00
6.400000000000000000e+01 1.000001243606693624e+00
6.409999999999999432e+01 1.000001308757062723e+00
6.420000000000000284e+01 1.000001265598136291e+00
6.429999999999999716e+01 1.000001355458206787e+00
6.439999999999999147e+01 1.000001282381527856e+00
6.450000000000000000e+01 1.000001353579859309e+00
6.459999999999999432e+01 1.000001273012755876e+00
6.470000000000000284e+01 1.000001348187771200e+00
6.479999999999999716e+01 1.000001264753288321e+00
6.489999999999999147e+01 1.000001339041172166e+00
6.500000000000000000e+01 1.000001254050480126e+00
6.509999999999999432e+01 1.000001370126661904e+00
6.520000000000000284e+01 1.000001298687425377e+00
6.529999999999999716e+01 1.000001399490997311e+00
6.539999999999999147e+01 1.000001279230847473e+00
6.550000000000000000e+01 1.000001357575248440e+00
6.559999999999999432e+01 1.000001294479293978e+00
6.570000000000000284e+01 1.000001431665738627e+00
6.579999999999999716e+01 1.000001317159376679e+00
6.589999999999999147e+01 1.000001382871775535e+00
6.600000000000000000e+01 1.000001278011030337e+00
6.609999999999999432e+01 1.000001378367055160e+00
6.620000000000000284e+01 1.000001285996853895e+00
6.629999999999999716e+01 1.000001387751700666e+00
6.639999999999999147e+01 1.000001281229888628e+00
6.650000000000000000e+01 1.000001353154433614e+00
6.659999999999999432e+01 1.000001251276832592e+00
6.670000000000000284e+01 1.000001354183802649e+00
6.679999999999999716e+01 1.000001280560446348e+00
6.689999999999999147e+01 1.000001391161273068e+00
6.700000000000000000e+01 1.000001294434434307e+00
6.709999999999999432e+01 1.000001355835036021e+00
6.720000000000000284e+01 1.000001238391065916e+00
6.729999999999999716e+01 1.000001301983473478e+00
6.739999999999999147e+01 1.000001212255924976e+00
6.750000000000000000e+01 1.000001307820356011e+00
6.759999999999999432e+01 1.000001200663953371e+00
6.770000000000000284e+01 1.000001210195943901e+00
6.779999999999999716e+01 1.000001125621440723e+00
6.789999999999999147e+01 1.000001227086675826e+00
6.800000000000000000e+01 1.000001151656332521e+00
6.809999999999999432e+01 1.000001203699031560e+00
6.820000000000000284e+01 1.000001128368064318e+00
6.829999999999999716e+01 1.000001158474959295e+00
6.839999999999999147e+01 1.000001101926527580e+00
6.850000000000000000e+01 1.000001139294956154e+00
6.859999999999999432e+01 1.000001081668508984e+00
6.870000000000000284e+01 1.000001116603411067e+00
6.879999999999999716e+01 1.000001068509168922e+00
6.889999999999999147e+01 1.000001098911833308e+00
6.900000000000000000e+01 1.000001025109731101e+00
6.909999999999999432e+01 1.000001015212821587e+00
6.920000000000000284e+01 1.000000957951761915e+00
6.929999999999999716e+01 1.000000983964280277e+00
6.939999999999999147e+01 1.000000997456728768e+00
6.950000000000000000e+01 1.000001004937006277e+00
6.959999999999999432e+01 1.000000933007719084e+00
6.970000000000000284e+01 1.000000919457595394e+00
6.979999999999999716e+01 1.000000968236332222e+00
6.989999999999999147e+01 1.000000974872979453e+00
7.000000000000000000e+01 1.000000959476565310e+00
7.009999999999999432e+01 1.000000911785850599e+00
7.020000000000000284e+01 1.000000910790957542e+00
7.029999999999999716e+01 1.000000895521437894e+00
7.039999999999999147e+01 1.000000926377586419e+00
7.050000000000000000e+01 1.000000909770282664e+00
7.059999999999999432e+01 1.000000922800400538e+00
7.070000000000000284e+01 1.000000842513565358e+00
7.079999999999999716e+01 1.000000853926207078e+00
7.089999999999999147e+01 1.000000792090215640e+00
7.100000000000000000e+01 1.000000849301544426e+00
7.109999999999999432e+01 1.000000829561451310e+00
7.120000000000000284e+01 1.000000880843953110e+00
7.129999999999999716e+01 1.000000818810666603e+00
7.139999999999999147e+01 1.000000811383970234e+00
7.150000000000000000e+01 1.000000716743585594e+00
7.159999999999999432e+01 1.000000815837076784e+00
7.170000000000000284e+01 1.000000802665532706e+00
7.179999999999999716e+01 1.000000814917981318e+00
7.189999999999999147e+01 1.000000681570854422e+00
7.200000000000000000e+01 1.000000744456039259e+00
7.209999999999999432e+01 1.000000680973606837e+00
7.220000000000000284e+01 1.000000760625292529e+00
7.229999999999999716e+01 1.000000657968987294e+00
7.239999999999999147e+01 1.000000699500205537e+00
7.250000000000000000e+01 1.000000612790979071e+00
7.259999999999999432e+01 1.000000717389289751e+00
7.270000000000000284e+01 1.000000632490971153e+00
7.279999999999999716e+01 1.000000672965716486e+00
7.289999999999999147e+01 1.000000557557230385e+00
7.300000000000000000e+01 1.000000636788450414e+00
7.309999999999999432e+01 1.000000576045552592e+00
7.320000000000000284e+01 1.000000647745810989e+00
7.329999999999999716e+01 1.000000483733254564e+00
7.339999999999999147e+01 1.000000498862209319e+00
7.350000000000000000e+01 1.000000470902333571e+00
7.359999999999999432e+01 1.000000650068121111e+00
7.370000000000000284e+01 1.000000492754639758e+00
7.379999999999999716e+01 1.000000464507276865e+00
7.389999999999999147e+01 1.000000384442248924e+00
7.400000000000000000e+01 1.000000497708787739e+00
7.409999999999999432e+01 1.000000458219703736e+00
7.420000000000000284e+01 1.000000527437809650e+00
7.429999999999999716e+01 1.000000401086556190e+00
7.439999999999999147e+01 1.000000435989490732e+00
7.450000000000000000e+01 1.000000346248413718e+00
7.459999999999999432e+01 1.000000429157597459e+00
7.470000000000000284e+01 1.000000365404949632e+00
7.479999999999999716e+01 1.000000428524604246e+00
7.489999999999999147e+01 1.000000345570209781e+00
7.500000000000000000e+01 1.000000356502660281e+00
7.509999999999999432e+01 1.000000276148212075e+00
7.520000000000000284e+01 1.000000357605269841e+00
7.529999999999999716e+01 1.000000353587176871e+00
7.539999999999999147e+01 1.000000438043073148e+00
7.550000000000000000e+01 1.000000357358407310e+00
7.559999999999999432e+01 1.000000320432963719e+00
7.570000000000000284e+01 1.000000279044350959e+00
7.579999999999999716e+01 1.000000403215144607e+00
7.589999999999999147e+01 1.000000367424159542e+00
7.600000000000000000e+01 1.000000367397832601e+00
7.609999999999999432e+01 1.000000289721580504e+00
7.620000000000000284e+01 1.000000307238793518e+00
7.629999999999999716e+01 1.000000286035260810e+00
7.639999999999999147e+01 1.000000323715193318e+00
7.650000000000000000e+01 1.000000323096043697e+00
7.659999999999999432e+01 1.000000350833507357e+00
7.670000000000000284e+01 1.000000286428114782e+00
7.679999999999999716e+01 1.000000255769312174e+00
7.690000000000000568e+01 1.000000253658078320e+00
7.700000000000000000e+01 1.000000322023292476e+00
7.709999999999999432e+01 1.000000366423366316e+00
7.720000000000000284e+01 1.000000336798253953e+00
7.729999999999999716e+01 1.000000256715238178e+00
7.740000000000000568e+01 1.000000167378753080e+00
7.750000000000000000e+01 1.000000279367265099e+00
7.759999999999999432e+01 1.000000353180344304e+00
7.770000000000000284e+01 1.000000260535289565e+00
7.779999999999999716e+01 1.000000166715835803e+00
7.790000000000000568e+01 1.000000215538047854e+00
7.800000000000000000e+01 1.000000245332753668e+00
7.809999999999999432e+01 1.000000275199044442e+00
7.820000000000000284e+01 1.000000216979666234e+00
7.829999999999999716e+01 1.000000202501477142e+00
7.840000000000000568e+01 1.000000161346013439e+00
7.850000000000000000e+01 1.000000238791046048e+00
7.859999999999999432e+01 1.000000236840965950e+00
7.870000000000000284e+01 1.000000262796041595e+00
7.879999999999999716e+01 1.000000160874136013e+00
7.890000000000000568e+01 1.000000189415090945e+00
7.900000000000000000e+01 1.000000179461740579e+00
7.909999999999999432e+01 1.000000277222919953e+00
7.920000000000000284e+01 1.000000209532574402e+00
7.929999999999999716e+01 1.000000170469730332e+00
7.940000000000000568e+01 1.000000061056400602e+00
7.950000000000000000e+01 1.000000243835988734e+00
7.959999999999999432e+01 1.000000320955029665e+00
7.970000000000000284e+01 1.000000222985324205e+00
7.979999999999999716e+01 1.000000038566820404e+00
7.990000000000000568e+01 1.000000180260124161e+00
8.000000000000000000e+01 1.000000226051273700e+00
8.009999999999999432e+01 1.000000318572012104e+00
8.020000000000000284e+01 1.000000195427665384e+00
8.029999999999999716e+01 1.000000197978291760e+00
8.040000000000000568e+01 1.000000135047392158e+00
8.050000000000000000e+01 1.000000248914592937e+00
8.059999999999999432e+01 1.000000221021615676e+00
8.070000000000000284e+01 1.000000282705015175e+00
8.079999999999999716e+01 1.000000205646566664e+00
8.090000000000000568e+01 1.000000264863019073e+00
8.100000000000000000e+01 1.000000202253074066e+00
8.109999999999999432e+01 1.000000287210415006e+00
8.120000000000000284e+01 1.000000265494211948e+00
8.129999999999999716e+01 1.000000366149635500e+00
8.140000000000000568e+01 1.000000291010343378e+00
8.150000000000000000e+01 1.000000291772023653e+00
8.159999999999999432e+01 1.000000225637073026e+00
8.170000000000000284e+01 1.000000343427684735e+00
8.179999999999999716e+01 1.000000331050588720e+00
8.190000000000000568e+01 1.000000365457569096e+00
8.200000000000000000e+01 1.000000272954755909e+00
8.209999999999999432e+01 1.000000303594215767e+00
8.220000000000000284e+01 1.000000261089216469e+00
8.229999999999999716e+01 1.000000337778607973e+00
8.240000000000000568e+01 1.000000326906501869e+00
8.250000000000000000e+01 1.000000401743969425e+00
8.259999999999999432e+01 1.000000344782809192e+00
8.270000000000000284e+01 1.000000324304830768e+00
8.279999999999999716e+01 1.000000250520279632e+00
8.290000000000000568e+01 1.000000334667916491e+00
8.300000000000000000e+01 1.000000388245744887e+00
8.309999999999999432e+01 1.000000435259436271e+00
8.320000000000000284e+01 1.000000291532205710e+00
8.329999999999999716e+01 1.000000169895749469e+00
8.340000000000000568e+01 1.000000168544061152e+00
8.350000000000000000e+01 1.000000475701059210e+00
8.359999999999999432e+01 1.000000462785791910e+00
8.370000000000000284e+01 1.000000202933697624e+00
8.379999999999999716e+01 1.000000151453827479e+00
8.390000000000000568e+01 1.000000294327862527e+00
8.400000000000000000e+01 1.000000384036751511e+00
8.409999999999999432e+01 1.000000360859393034e+00
8.420000000000000284e+01 1.000000275694754803e+00
8.429999999999999716e+01 1.000000225199736414e+00
8.440000000000000568e+01 1.000000265305982738e+00
8.450000000000000000e+01 1.000000315681548679e+00
8.459999999999999432e+01 1.000000322057089663e+00
8.470000000000000284e+01 1.000000269773510642e+00
8.479999999999999716e+01 1.000000245088460860e+00
8.490000000000000568e+01 1.000000233717349252e+00
8.500000000000000000e+01 1.000000267808853316e+00
8.509999999999999432e+01 1.000000258252094154e+00
8.520000000000000284e+01 1.000000272419859337e+00
8.529999999999999716e+01 1.000000222673889327e+00
8.540000000000000568e+01 1.000000272537526325e+00
8.550000000000000000e+01 1.000000306605015821e+00
8.559999999999999432e+01 1.000000331398572806e+00
8.570000000000000284e+01 1.000000200269798301e+00
8.579999999999999716e+01 1.000000245513693820e+00
8.590000000000000568e+01 1.000000272980742011e+00
8.600000000000000000e+01 1.000000342164001577e+00
8.609999999999999432e+01 1.000000297045174014e+00
8.620000000000000284e+01 1.000000294966528980e+00
8.629999999999999716e+01 1.000000225132871234e+00
8.640000000000000568e+01 1.000000284805678152e+00
8.650000000000000000e+01 1.000000277121289249e+00
8.659999999999999432e+01 1.000000342028135591e+00
8.670000000000000284e+01 1.000000272413202440e+00
8.679999999999999716e+01 1.000000307521114795e+00
8.690000000000000568e+01 1.000000243275656731e+00
8.700000000000000000e+01 1.000000300555767385e+00
8.709999999999999432e+01 1.000000274841923220e+00
8.720000000000000284e+01 1.000000360539952116e+00
8.729999999999999716e+01 1.000000308977180508e+00
8.740000000000000568e+01 1.000000304336043033e+00
8.750000000000000000e+01 1.000000177220951691e+00
8.759999999999999432e+01 1.000000298362137441e+00
8.770000000000000284e+01 1.000000302517384032e+00
8.779999999999999716e+01 1.000000349847799619e+00
8.790000000000000568e+01 1.000000239519454714e+00
8.800000000000000000e+01 1.000000254650798892e+00
8.809999999999999432e+01 1.000000188281118030e+00
8.820000000000000284e+01 1.000000284473196999e+00
8.829999999999999716e+01 1.000000261084906583e+00
8.840000000000000568e+01 1.000000310061117448e+00
8.850000000000000000e+01 1.000000229427847165e+00
8.859999999999999432e+01 1.000000235895661449e+00
8.870000000000000284e+01 1.000000150993210379e+00
8.879999999999999716e+01 1.000000213559885776e+00
8.890000000000000568e+01 1.000000192584562297e+00
8.900000000000000000e+01 1.000000260129936480e+00
8.909999999999999432e+01 1.000000166629953613e+00
8.920000000000000284e+01 1.000000145784668115e+00
8.929999999999999716e+01 1.000000049048579198e+00
8.940000000000000568e+01 1.000000136992445166e+00
8.950000000000000000e+01 1.000000215406795734e+00
8.959999999999999432e+01 1.000000198405787355e+00
8.970000000000000284e+01 1.000000011527933497e+00
8.979999999999999716e+01 1.000000058709727524e+00
8.990000000000000568e+01 1.000000097016713552e+00
9.000000000000000000e+01 1.000000161476862326e+00
9.009999999999999432e+01 1.000000078132504244e+00
9.020000000000000284e+01 1.000000058803424130e+00
9.029999999999999716e+01 1.000000010102223946e+00
9.040000000000000568e+01 1.000000052129502937e+00
9.050000000000000000e+01 1.000000030185999256e+00
9.059999999999999432e+01 1.000000020433763792e+00
9.070000000000000284e+01 9.999999759473613414e-01
9.079999999999999716e+01 1.000000011269349232e+00
9.090000000000000568e+01 1.000000014744658161e+00
9.100000000000000000e+01 1.000000024467851523e+00
9.109999999999999432e+01 9.999999894521706123e-01
9.120000000000000284e+01 9.999999863241714193e-01
9.129999999999999716e+01 9.999999885460040261e-01
9.140000000000000568e+01 1.000000044992306547e+00
9.150000000000000000e+01 1.000000018611487906e+00
9.159999999999999432e+01 9.999999523522404843e-01
9.170000000000000284e+01 9.999999359942232102e-01
9.179999999999999716e+01 9.999999686719585057e-01
9.190000000000000568e+01 9.999999876209954008e-01
9.200000000000000000e+01 9.999999694453810539e-01
9.209999999999999432e+01 9.999999628437232779e-01
9.220000000000000284e+01 9.999999200742072381e-01
9.229999999999999716e+01 9.999999304250128951e-01
9.240000000000000568e+01 9.999999216961455994e-01
9.250000000000000000e+01 9.999999578120672972e-01
9.259999999999999432e+01 9.999999525635533404e-01
9.270000000000000284e+01 9.999999607443180727e-01
9.279999999999999716e+01 9.999999185804271384e-01
9.290000000000000568e+01 9.999999342888163945e-01
9.300000000000000000e+01 9.999998994813336095e-01
9.309999999999999432e+01 9.999999335399958333e-01
9.320000000000000284e+01 9.999999061598663364e-01
9.329999999999999716e+01 9.999999270514791094e-01
9.340000000000000568e+01 9.999998515771527652e-01
9.350000000000000000e+01 9.999998601894182215e-01
9.359999999999999432e+01 9.999998669733822787e-01
9.370000000000000284e+01 9.999999247134030433e-01
9.379999999999999716e+01 9.999998576413318130e-01
9.390000000000000568e+01 9.999998635727109786e-01
9.400000000000000000e+01 9.999998121783948424e-01
9.409999999999999432e+01 9.999998579447834102e-01
9.420000000000000284e+01 9.999998272074169803e-01
9.429999999999999716e+01 9.999998742867968193e-01
9.440000000000000568e+01 9.999998138093769695e-01
9.450000000000000000e+01 9.999998529628097987e-01
9.459999999999999432e+01 9.999997862651583969e-01
9.470000000000000284e+01 9.999998247118851991e-01
9.479999999999999716e+01 9.999997640111903952e-01
9.490000000000000568e+01 9.999998112709689302e-01
9.500000000000000000e+01 9.999997716224561239e-01
9.509999999999999432e+01 9.999998149053390684e-01
9.520000000000000284e+01 9.999997669649373089e-01
9.529999999999999716e+01 9.999997924459560483e-01
9.540000000000000568e+01 9.999997162051948996e-01
9.550000000000000000e+01 9.999997837408000079e-01
9.559999999999999432e+01 9.999997611389055407e-01
9.570000000000000284e+01 9.999997933637705394e-01
9.579999999999999716e+01 9.999997282454919922e-01
9.590000000000000568e+01 9.999997689422692737e-01
9.600000000000000000e+01 9.999997236397125677e-01
9.609999999999999432e+01 9.999997753038969428e-01
9.620000000000000284e+01 9.999997368677012721e-01
9.629999999999999716e+01 9.999997753956930691e-01
9.640000000000000568e+01 9.999997212400334456e-01
9.650000000000000000e+01 9.999997649282186263e-01
9.659999999999999432e+01 9.999997359220648141e-01
9.670000000000000284e+01 9.999997945462933968e-01
9.679999999999999716e+01 9.999997735567711654e-01
9.690000000000000568e+01 9.999998066640702898e-01
9.700000000000000000e+01 9.999997646436855625e-01
9.709999999999999432e+01 9.999997937698890116e-01
9.720000000000000284e+01 9.999997635235151616e-01
9.729999999999999716e+01 9.999998048956088015e-01
9.740000000000000568e+01 9.999998055246251960e-01
9.750000000000000000e+01 9.999998226512994970e-01
9.759999999999999432e+01 9.999997708134173990e-01
9.770000000000000284e+01 9.999997901476878059e-01
9.779999999999999716e+01 9.999997916756253602e-01
9.790000000000000568e+01 9.999998193666495006e-01
9.800000000000000000e+01 9.999998043254222369e-01
9.809999999999999432e+01 9.999998175484117180e-01
9.820000000000000284e+01 9.999998118476288722e-01
9.829999999999999716e+01 9.999998413014293819e-01
9.840000000000000568e+01 9.999998440771680208e-01
9.850000000000000000e+01 9.999998507306095963e-01
9.859999999999999432e+01 9.999998475288393029e-01
9.870000000000000284e+01 9.999998444184050594e-01
9.879999999999999716e+01 9.999998428485721291e-01
9.890000000000000568e+01 9.999998334055784088e-01
9.900000000000000000e+01 9.999998236785460071e-01
9.909999999999999432e+01 9.999998118654004342e-01
9.920000000000000284e+01 9.999998377841504693e-01
9.929999999999999716e+01 9.999998546634634167e-01
9.940000000000000568e+01 9.999998647396374230e-01
9.950000000000000000e+01 9.999998293036927999e-01
9.959999999999999432e+01 9.999998456107914713e-01
9.970000000000000284e+01 9.999998454699902117e-01
9.979999999999999716e+01 9.999998750725865859e-01
9.990000000000000568e+01 9.999998582022805449e-01
1.000000000000000000e+02 9.999998829912561948e-01
1.000999999999999943e+02 9.999998506329474957e-01
1.002000000000000028e+02 9.999998796600010342e-01
1.002999999999999972e+02 9.999998579602552562e-01
1.004000000000000057e+02 9.999998947877283273e-01
1.005000000000000000e+02 9.999998597060208994e-01
1.005999999999999943e+02 9.999998786047050725e-01
1.007000000000000028e+02 9.999998402686813836e-01
1.007999999999999972e+02 9.999998779171429542e-01
1.009000000000000057e+02 9.999998575360961039e-01
1.010000000000000000e+02 9.999999191246453645e-01
1.010999999999999943e+02 9.999998890965376974e-01
1.012000000000000028e+02 9.999999364078070441e-01
1.012999999999999972e+02 9.999998815379218531e-01
1.014000000000000057e+02 9.999999143310686067e-01
1.015000000000000000e+02 9.999998952808188957e-01
1.015999999999999943e+02 9.999999657754657933e-01
1.017000000000000028e+02 9.999999230787591786e-01
1.017999999999999972e+02 9.999999657534284214e-01
1.019000000000000057e+02 9.999999282764007180e-01
1.020000000000000000e+02 9.999999860516136652e-01
1.020999999999999943e+02 9.999999477759984323e-01
1.022000000000000028e+02 9.999999965990760131e-01
1.022999999999999972e+02 9.999999562338537373e-01
1.024000000000000057e+02 1.000000016433583383e+00
