# Description:
#    Intra-molecular correlation functions (form factors) for a single ungrafted 
#    matrix chain in a vacuum. These data were calculated from MD simulations 
#    using the Debye method.
# 
# Source:
#   Coarse Grained MD Simulation
# 
# Chain Length: 10
# Interactions: WCA
# dr: 0.1 d
# dk: 0.031 d^-1
# length: 1024
# Omega Pair: Matrix-Matrix
# 
# k                      Matrix-Matrix Omega(k)
# 
3.067961575771282340e-02 9.990712485672519350e+00
6.135923151542564680e-02 9.962817452518228478e+00
9.203884727313846326e-02 9.916594900998097373e+00
1.227184630308512936e-01 9.852343764810871818e+00
1.533980787885641239e-01 9.770502246190652329e+00
1.840776945462769543e-01 9.671670983988104098e+00
2.147573103039897569e-01 9.556523678502493624e+00
2.454369260617025872e-01 9.425867814882433748e+00
2.761165418194154175e-01 9.280569669936079791e+00
3.067961575771282479e-01 9.121624118829007699e+00
3.374757733348410782e-01 8.950063767511124979e+00
3.681553890925539085e-01 8.766985047245764662e+00
3.988350048502666834e-01 8.573587467977645815e+00
4.295146206079795137e-01 8.371035004815865932e+00
4.601942363656923440e-01 8.160538326853705726e+00
4.908738521234051744e-01 7.943368546764334681e+00
5.215534678811180047e-01 7.720699039464020252e+00
5.522330836388308350e-01 7.493786872974570024e+00
5.829126993965436654e-01 7.263787253570614055e+00
6.135923151542564957e-01 7.031885109558046132e+00
6.442719309119693261e-01 6.799180524032037098e+00
6.749515466696821564e-01 6.566735934664244212e+00
7.056311624273949867e-01 6.335531287538791467e+00
7.363107781851078171e-01 6.106519155767195173e+00
7.669903939428205364e-01 5.880527147220948159e+00
7.976700097005333667e-01 5.658357431179331876e+00
8.283496254582461971e-01 5.440700157195506037e+00
8.590292412159590274e-01 5.228170873679234276e+00
8.897088569736718577e-01 5.021323464308864892e+00
9.203884727313846881e-01 4.820589507485526504e+00
9.510680884890975184e-01 4.626379459446407161e+00
9.817477042468103487e-01 4.438966806668318554e+00
1.012427320004523068e+00 4.258603255520634789e+00
1.043106935762235787e+00 4.085412298011700472e+00
1.073786551519948729e+00 3.919508647981842397e+00
1.104466167277661448e+00 3.760904813850277417e+00
1.135145783035374389e+00 3.609595797552722196e+00
1.165825398793087109e+00 3.465499110900036595e+00
1.196505014550800050e+00 3.328461242505192708e+00
1.227184630308512769e+00 3.198406390853474335e+00
1.257864246066225711e+00 3.075106339552216017e+00
1.288543861823938430e+00 2.958341095608644444e+00
1.319223477581651371e+00 2.847880663980572269e+00
1.349903093339364091e+00 2.743462555034936301e+00
1.380582709097077032e+00 2.644829276239128557e+00
1.411262324854789751e+00 2.551698338965183943e+00
1.441941940612502693e+00 2.463797253135361576e+00
1.472621556370215412e+00 2.380848528668764175e+00
1.503301172127928131e+00 2.302564677227119549e+00
1.533980787885641073e+00 2.228680708702959645e+00
1.564660403643353792e+00 2.158929133245627074e+00
1.595340019401066733e+00 2.093049960635058326e+00
1.626019635158779453e+00 2.030800740266166304e+00
1.656699250916492394e+00 1.971946437004883812e+00
1.687378866674205113e+00 1.916257057200571268e+00
1.718058482431918055e+00 1.863515108876615534e+00
1.748738098189630774e+00 1.813538098035454071e+00
1.779417713947343715e+00 1.766118533396902057e+00
1.810097329705056435e+00 1.721093918840607362e+00
1.840776945462769376e+00 1.678291761467725518e+00
1.871456561220482095e+00 1.637562065237606390e+00
1.902136176978195037e+00 1.598759835163089393e+00
1.932815792735907756e+00 1.561767572921021197e+00
1.963495408493620697e+00 1.526445286293483861e+00
1.994175024251333417e+00 1.492682210861882464e+00
2.024854640009046136e+00 1.460385322181231960e+00
2.055534255766759077e+00 1.429455887109374101e+00
2.086213871524472019e+00 1.399806408618432974e+00
2.116893487282184960e+00 1.371346892931599726e+00
2.147573103039897902e+00 1.344012340973959718e+00
2.178252718797610399e+00 1.317722758188313081e+00
2.208932334555323340e+00 1.292425645596048778e+00
2.239611950313036282e+00 1.268056006592926721e+00
2.270291566070749223e+00 1.244563843057577168e+00
2.300971181828461720e+00 1.221899157157537719e+00
2.331650797586174662e+00 1.200019450424649969e+00
2.362330413343887603e+00 1.178879724751772606e+00
2.393010029101600544e+00 1.158449981261338690e+00
2.423689644859313042e+00 1.138695228676801730e+00
2.454369260617025983e+00 1.119580460668368582e+00
2.485048876374738924e+00 1.101088177269887058e+00
2.515728492132451422e+00 1.083183379998971851e+00
2.546408107890164363e+00 1.065853568783033056e+00
2.577087723647877304e+00 1.049073745019185600e+00
2.607767339405590246e+00 1.032826408996338818e+00
2.638446955163302743e+00 1.017096561123900011e+00
2.669126570921015684e+00 1.001866702244880392e+00
2.699806186678728626e+00 9.871270820535269497e-01
2.730485802436441567e+00 9.728647013608295868e-01
2.761165418194154064e+00 9.590670605805610149e-01
2.791845033951867006e+00 9.457231599395792276e-01
2.822524649709579947e+00 9.328191108281504995e-01
2.853204265467292888e+00 9.203540759292154760e-01
2.883883881225005386e+00 9.083132792649410980e-01
2.914563496982718327e+00 8.966877211449851837e-01
2.945243112740431268e+00 8.854681519422588076e-01
2.975922728498143766e+00 8.746455720393822020e-01
3.006602344255856707e+00 8.642114816411072820e-01
3.037281960013569648e+00 8.541558812509313370e-01
3.067961575771282590e+00 8.444707710795525957e-01
3.098641191528995087e+00 8.351464015612691805e-01
3.129320807286708028e+00 8.261747729637698434e-01
3.160000423044420970e+00 8.175466356449431204e-01
3.190680038802133911e+00 8.092534899241556889e-01
3.221359654559846408e+00 8.012868397012823385e-01
3.252039270317559350e+00 7.936379319211535055e-01
3.282718886075272291e+00 7.863000164269768888e-01
3.313398501832985232e+00 7.792638435944477804e-01
3.344078117590697730e+00 7.725224136330609559e-01
3.374757733348410671e+00 7.660679768612348450e-01
3.405437349106123612e+00 7.598950333757463760e-01
3.436116964863836554e+00 7.539943337542280855e-01
3.466796580621549051e+00 7.483623777033714397e-01
3.497476196379261992e+00 7.429904160055608164e-01
3.528155812136974934e+00 7.378741983752999944e-01
3.558835427894687431e+00 7.330069753448364978e-01
3.589515043652400372e+00 7.283840292903480673e-01
3.620194659410113314e+00 7.240001198481939015e-01
3.650874275167826255e+00 7.198509536898479722e-01
3.681553890925538752e+00 7.159305312309803826e-01
3.712233506683251694e+00 7.122343526406672565e-01
3.742913122440964635e+00 7.087579179353241665e-01
3.773592738198677576e+00 7.054952275411989771e-01
3.804272353956390074e+00 7.024425315991895680e-01
3.834951969714103015e+00 6.995960800896880993e-01
3.865631585471815956e+00 6.969496233896366189e-01
3.896311201229528898e+00 6.944996615913860971e-01
3.926990816987241395e+00 6.922416948506983081e-01
3.957670432744954336e+00 6.901707233765937977e-01
3.988350048502667278e+00 6.882832472986006866e-01
4.019029664260379775e+00 6.865745186993178484e-01
4.049709280018092272e+00 6.850415359756280020e-01
4.080388895775804770e+00 6.836785490566354984e-01
4.111068511533518155e+00 6.824843079400616519e-01
4.141748127291230652e+00 6.814543128712526876e-01
4.172427743048944038e+00 6.805858138905472865e-01
4.203107358806656535e+00 6.798770610151818605e-01
4.233786974564369032e+00 6.793268042616021907e-01
4.264466590322082418e+00 6.789317938990474532e-01
4.295146206079794915e+00 6.786925295858999840e-01
4.325825821837507412e+00 6.786085114395582485e-01
4.356505437595220798e+00 6.786789895159864860e-01
4.387185053352933295e+00 6.789057134402796123e-01
4.417864669110646680e+00 6.792895825997329329e-01
4.448544284868359178e+00 6.798323484975036246e-01
4.479223900626071675e+00 6.805376104520501901e-01
4.509903516383785060e+00 6.814063687696446658e-01
4.540583132141497558e+00 6.824426232999966091e-01
4.571262747899210055e+00 6.836503737360742905e-01
4.601942363656923440e+00 6.850318702629875078e-01
4.632621979414635938e+00 6.865928625033987931e-01
4.663301595172348435e+00 6.883366004001894023e-01
4.693981210930061820e+00 6.902675837152106864e-01
4.724660826687774318e+00 6.923885624259745741e-01
4.755340442445487703e+00 6.947052862479378144e-01
4.786020058203200200e+00 6.972187551520645510e-01
4.816699673960912698e+00 6.999344711394833718e-01
4.847379289718626083e+00 7.028534324214037454e-01
4.878058905476338580e+00 7.059778885319694108e-01
4.908738521234051078e+00 7.093093394227915072e-01
4.939418136991764463e+00 7.128482850982351682e-01
4.970097752749476960e+00 7.165949755578260305e-01
5.000777368507189458e+00 7.205486608779434476e-01
5.031456984264902843e+00 7.247078411604888082e-01
5.062136600022615340e+00 7.290690166834625785e-01
5.092816215780328726e+00 7.336299374241878057e-01
5.123495831538041223e+00 7.383866037049731101e-01
5.154175447295753720e+00 7.433342657874042470e-01
5.184855063053467106e+00 7.484693768340558995e-01
5.215534678811179603e+00 7.537825867492580212e-01
5.246214294568892100e+00 7.592692913737036919e-01
5.276893910326605486e+00 7.649227409291440294e-01
5.307573526084317983e+00 7.707359356498539871e-01
5.338253141842031368e+00 7.767016257314299787e-01
5.368932757599743866e+00 7.828118115418644107e-01
5.399612373357456363e+00 7.890592433728982336e-01
5.430291989115169748e+00 7.954369214713310487e-01
5.460971604872882246e+00 8.019375960441765816e-01
5.491651220630594743e+00 8.085527675500518985e-01
5.522330836388308128e+00 8.152774361222970834e-01
5.553010452146020626e+00 8.221046020349731531e-01
5.583690067903733123e+00 8.290280155234618364e-01
5.614369683661446508e+00 8.360416776818927476e-01
5.645049299419159006e+00 8.431410878822137578e-01
5.675728915176872391e+00 8.503212461114321163e-01
5.706408530934584888e+00 8.575776525334685152e-01
5.737088146692297386e+00 8.649060573022979703e-01
5.767767762450010771e+00 8.723034604864393637e-01
5.798447378207723268e+00 8.797658622840657250e-01
5.829126993965435766e+00 8.872912626495074173e-01
5.859806609723149151e+00 8.948756618789185380e-01
5.890486225480861648e+00 9.025170598765321905e-01
5.921165841238574146e+00 9.102122068869340499e-01
5.951845456996287531e+00 9.179588528841587936e-01
5.982525072754000028e+00 9.257567963383164233e-01
6.013204688511713414e+00 9.335969547931622925e-01
6.043884304269425911e+00 9.414806114218512434e-01
6.074563920027138408e+00 9.494025167091247885e-01
6.105243535784851794e+00 9.573596706812658175e-01
6.135923151542564291e+00 9.653483232480443155e-01
6.166602767300276788e+00 9.733624748378431057e-01
6.197282383057990174e+00 9.813983754362103351e-01
6.227961998815702671e+00 9.894502750963121152e-01
6.258641614573416057e+00 9.975099246280720866e-01
6.289321230331128554e+00 1.005578573092253070e+00
6.320000846088841051e+00 1.013635222001798342e+00
6.350680461846554437e+00 1.021685120843325301e+00
6.381360077604266934e+00 1.029712520242116902e+00
6.412039693361979431e+00 1.037714920017250186e+00
6.442719309119692817e+00 1.045679820636843393e+00
6.473398924877405314e+00 1.053597222546181822e+00
6.504078540635117811e+00 1.061459626002073220e+00
6.534758156392831197e+00 1.069254531586770529e+00
6.565437772150543694e+00 1.076974439406851447e+00
6.596117387908257079e+00 1.084606850169810288e+00
6.626797003665969577e+00 1.092136764589463738e+00
6.657476619423682074e+00 1.099559182127519019e+00
6.688156235181395459e+00 1.106861603892181689e+00
6.718835850939107956e+00 1.114029030691201294e+00
6.749515466696820454e+00 1.121051462349361705e+00
6.780195082454533839e+00 1.127913609509101578e+00
6.810874698212246336e+00 1.134610997298150403e+00
6.841554313969959722e+00 1.141123388315033349e+00
6.872233929727672219e+00 1.147440783255694763e+00
6.902913545485384716e+00 1.153555681535203714e+00
6.933593161243098102e+00 1.159453084232345832e+00
6.964272777000810599e+00 1.165122991722845391e+00
6.994952392758523096e+00 1.170555403602521416e+00
7.025632008516236482e+00 1.175730322095824398e+00
7.056311624273948979e+00 1.180650246049973262e+00
7.086991240031661476e+00 1.185297676627717234e+00
7.117670855789374862e+00 1.189667613807713575e+00
7.148350471547087359e+00 1.193747558251742502e+00
7.179030087304800745e+00 1.197537509917119714e+00
7.209709703062513242e+00 1.201022466270301958e+00
7.240389318820225739e+00 1.204202429395316853e+00
7.271068934577939125e+00 1.207069900420542519e+00
7.301748550335651622e+00 1.209624879273389464e+00
7.332428166093364119e+00 1.211862366252734802e+00
7.363107781851077505e+00 1.213782361184943648e+00
7.393787397608790002e+00 1.215382364282075134e+00
7.424467013366502499e+00 1.216669874664581874e+00
7.455146629124215885e+00 1.217639893424070863e+00
7.485826244881928382e+00 1.218302418912460272e+00
7.516505860639641767e+00 1.218657452103229177e+00
7.547185476397354265e+00 1.218714991521931079e+00
7.577865092155066762e+00 1.218482537192762116e+00
7.608544707912780147e+00 1.217962378005519541e+00
7.639224323670492645e+00 1.217167350616338961e+00
7.669903939428205142e+00 1.216107330185991042e+00
7.700583555185918527e+00 1.214784818358737750e+00
7.731263170943631025e+00 1.213217313701894007e+00
7.761942786701344410e+00 1.211414816066811673e+00
7.792622402459056907e+00 1.209389824004995839e+00
7.823302018216769405e+00 1.207142339161016764e+00
7.853981633974482790e+00 1.204697359397241430e+00
7.884661249732195287e+00 1.202057385027082148e+00
7.915340865489907785e+00 1.199234915510356103e+00
7.946020481247621170e+00 1.196239950432122390e+00
7.976700097005333667e+00 1.193079989526395934e+00
8.007379712763047053e+00 1.189767531012790425e+00
8.038059328520759550e+00 1.186315075563301180e+00
8.068738944278472047e+00 1.182720123706613169e+00
8.099418560036184545e+00 1.179000174597959472e+00
8.130098175793897042e+00 1.175157728471706520e+00
8.160777791551611315e+00 1.171202784694047594e+00
8.191457407309323813e+00 1.167137843523063712e+00
8.222137023067036310e+00 1.162972904137085761e+00
8.252816638824748807e+00 1.158707967255946603e+00
8.283496254582461304e+00 1.154353031658845730e+00
8.314175870340175578e+00 1.149910597979588500e+00
8.344855486097888075e+00 1.145385665756423199e+00
8.375535101855600573e+00 1.140780735200618068e+00
8.406214717613313070e+00 1.136104269984706372e+00
8.436894333371025567e+00 1.131356820615559533e+00
8.467573949128738064e+00 1.126546873133736915e+00
8.498253564886452338e+00 1.121676926864327628e+00
8.528933180644164835e+00 1.116744483715517156e+00
8.559612796401877333e+00 1.111764541756504521e+00
8.590292412159589830e+00 1.106737101773522580e+00
8.620972027917302327e+00 1.101672162399360388e+00
8.651651643675016601e+00 1.096564725027313392e+00
8.682331259432729098e+00 1.091432288178849852e+00
8.713010875190441595e+00 1.086272352375797556e+00
8.743690490948154093e+00 1.081097416948470835e+00
8.774370106705866590e+00 1.075907481931649867e+00
8.805049722463580864e+00 1.070712546994840197e+00
8.835729338221293361e+00 1.065515112111956597e+00
8.866408953979005858e+00 1.060330176780275524e+00
8.897088569736718355e+00 1.055157741135489768e+00
8.927768185494430853e+00 1.050000305029741510e+00
8.958447801252143350e+00 1.044870367652428245e+00
8.989127417009857623e+00 1.039780428533892520e+00
9.019807032767570121e+00 1.034725488896999002e+00
9.050486648525282618e+00 1.029713047564113859e+00
9.081166264282995115e+00 1.024750604253443109e+00
9.111845880040707613e+00 1.019848158347471667e+00
9.142525495798421886e+00 1.015003211305627540e+00
9.173205111556134383e+00 1.010223261628476976e+00
9.203884727313846881e+00 1.005514285240315830e+00
9.234564343071559378e+00 1.000875604378630657e+00
9.265243958829271875e+00 9.963149220470565171e-01
9.295923574586984373e+00 9.918359877842886085e-01
9.326603190344698646e+00 9.874398015527536820e-01
9.357282806102411143e+00 9.831273634749416734e-01
9.387962421860123641e+00 9.789014233488527728e-01
9.418642037617836138e+00 9.747634811181287162e-01
9.449321653375548635e+00 9.707150366590465707e-01
9.480001269133262909e+00 9.667563400346047553e-01
9.510680884890975406e+00 9.628893910903415509e-01
9.541360500648687903e+00 9.591134398748338841e-01
9.572040116406400401e+00 9.554289863683476103e-01
9.602719732164112898e+00 9.518362813646473741e-01
9.633399347921825395e+00 9.483355744055629311e-01
9.664078963679539669e+00 9.449263651589157043e-01
9.694758579437252166e+00 9.416089036087653685e-01
9.725438195194964663e+00 9.383826897898387420e-01
9.756117810952677161e+00 9.352479736674084165e-01
9.786797426710389658e+00 9.322042552949886263e-01
9.817477042468103932e+00 9.292520345949654148e-01
9.848156658225816429e+00 9.263910616302456491e-01
9.878836273983528926e+00 9.236220862887747352e-01
9.909515889741241423e+00 9.209446087098379641e-01
9.940195505498953921e+00 9.183601286192293323e-01
9.970875121256666418e+00 9.158676003653274389e-01
1.000155473701438069e+01 9.134735320741788067e-01
1.003223435277209319e+01 9.111642787264767618e-01
1.006291396852980569e+01 9.089572894929505154e-01
1.009359358428751818e+01 9.068476911586009770e-01
1.012427320004523068e+01 9.048350081468699013e-01
1.015495281580294495e+01 9.029204444014822251e-01
1.018563243156065745e+01 9.010994380053936048e-01
1.021631204731836995e+01 8.993853666328388563e-01
1.024699166307608245e+01 8.977724382995180274e-01
1.027767127883379494e+01 8.962621638391669032e-01
1.030835089459150922e+01 8.948545029305492449e-01
1.033903051034922171e+01 8.935465569161485933e-01
1.036971012610693421e+01 8.923468885771442816e-01
1.040038974186464671e+01 8.912518661352382132e-01
1.043106935762235921e+01 8.902614891399427410e-01
1.046174897338007170e+01 8.893725021359426552e-01
1.049242858913778598e+01 8.885908683849281786e-01
1.052310820489549847e+01 8.879130961916169573e-01
1.055378782065321097e+01 8.873379783131621901e-01
1.058446743641092347e+01 8.868650019778022697e-01
1.061514705216863597e+01 8.864920835040122071e-01
1.064582666792635024e+01 8.862205992871263760e-01
1.067650628368406274e+01 8.860472344443000026e-01
1.070718589944177523e+01 8.859712849069193430e-01
1.073786551519948773e+01 8.859907280959735676e-01
1.076854513095720023e+01 8.861053035681650814e-01
1.079922474671491273e+01 8.863117396078505905e-01
1.082990436247262700e+01 8.866088050993082836e-01
1.086058397823033950e+01 8.869962976403522603e-01
1.089126359398805199e+01 8.874711864183330023e-01
1.092194320974576449e+01 8.880351609937441326e-01
1.095262282550347699e+01 8.886820446150258679e-01
1.098330244126119126e+01 8.894140648087254242e-01
1.101398205701890376e+01 8.902285236635311128e-01
1.104466167277661626e+01 8.911258788975049416e-01
1.107534128853432875e+01 8.921071742526988091e-01
1.110602090429204125e+01 8.931655255696623330e-01
1.113670052004975375e+01 8.943037706325928093e-01
1.116738013580746802e+01 8.955209619027195700e-01
1.119805975156518052e+01 8.968158012407356772e-01
1.122873936732289302e+01 8.981928590480899866e-01
1.125941898308060551e+01 8.996416932797871580e-01
1.129009859883831801e+01 9.011661803755001143e-01
1.132077821459603229e+01 9.027658640721367700e-01
1.135145783035374478e+01 9.044389502433145545e-01
1.138213744611145728e+01 9.061899668829828114e-01
1.141281706186916978e+01 9.080062987214045922e-01
1.144349667762688227e+01 9.098920457876848999e-01
1.147417629338459477e+01 9.118459901511476451e-01
1.150485590914230905e+01 9.138650981896428993e-01
1.153553552490002154e+01 9.159552324036406290e-01
1.156621514065773404e+01 9.180990872175887052e-01
1.159689475641544654e+01 9.203021234696369124e-01
1.162757437217315903e+01 9.225613627651619852e-01
1.165825398793087331e+01 9.248742811096417604e-01
1.168893360368858581e+01 9.272451409543854828e-01
1.171961321944629830e+01 9.296563082016051638e-01
1.175029283520401080e+01 9.321121764662494424e-01
1.178097245096172330e+01 9.346100070416556438e-01
1.181165206671943579e+01 9.371462873072939903e-01
1.184233168247715007e+01 9.397276906885521086e-01
1.187301129823486256e+01 9.423332211145682979e-01
1.190369091399257506e+01 9.449702190325051099e-01
1.193437052975028756e+01 9.476344407919956581e-01
1.196505014550800006e+01 9.503339359173730294e-01
1.199572976126571433e+01 9.530479035512890995e-01
1.202640937702342683e+01 9.557833420231053312e-01
1.205708899278113932e+01 9.585382615911859361e-01
1.208776860853885182e+01 9.613106632651110539e-01
1.211844822429656432e+01 9.641079061612983780e-01
1.214912784005427859e+01 9.669110554812037073e-01
1.217980745581199109e+01 9.697271871732908721e-01
1.221048707156970359e+01 9.725548084366930635e-01
1.224116668732741608e+01 9.753929183065103148e-01
1.227184630308512858e+01 9.782493082984581312e-01
1.230252591884284108e+01 9.811039166999228067e-01
1.233320553460055535e+01 9.839645169082554821e-01
1.236388515035826785e+01 9.868298631063434634e-01
1.239456476611598035e+01 9.896982058613807975e-01
1.242524438187369284e+01 9.925779015845530573e-01
1.245592399763140534e+01 9.954477412771546296e-01
1.248660361338911962e+01 9.983130870927179323e-01
1.251728322914683211e+01 1.001175185448746729e+00
1.254796284490454461e+01 1.004028794092017174e+00
1.257864246066225711e+01 1.006885169312758066e+00
1.260932207641996960e+01 1.009717029664344068e+00
1.264000169217768210e+01 1.012537654473223192e+00
1.267068130793539638e+01 1.015338293664135305e+00
1.270136092369310887e+01 1.018116461494033897e+00
1.273204053945082137e+01 1.020881104973965448e+00
1.276272015520853387e+01 1.023609272607916676e+00
1.279339977096624636e+01 1.026307479856966243e+00
1.282407938672396064e+01 1.028970710606493810e+00
1.285475900248167314e+01 1.031596491173309538e+00
1.288543861823938563e+01 1.034190698269499720e+00
1.291611823399709813e+01 1.036731483368330542e+00
1.294679784975481063e+01 1.039227325073701635e+00
1.297747746551252312e+01 1.041670705315248302e+00
1.300815708127023740e+01 1.044061655274887368e+00
1.303883669702794990e+01 1.046402719405165715e+00
1.306951631278566239e+01 1.048676175636426011e+00
1.310019592854337489e+01 1.050887206576619493e+00
1.313087554430108739e+01 1.053030791287486334e+00
1.316155516005880166e+01 1.055109461984439889e+00
1.319223477581651416e+01 1.057119691895926916e+00
1.322291439157422666e+01 1.059053370760557833e+00
1.325359400733193915e+01 1.060909637414302109e+00
1.328427362308965165e+01 1.062685972802666301e+00
1.331495323884736415e+01 1.064379918236035394e+00
1.334563285460507842e+01 1.065994134703884599e+00
1.337631247036279092e+01 1.067520583913567078e+00
1.340699208612050342e+01 1.068957129439681575e+00
1.343767170187821591e+01 1.070303757924458976e+00
1.346835131763592841e+01 1.071555513854690389e+00
1.349903093339364268e+01 1.072721075615560515e+00
1.352971054915135518e+01 1.073787832452896884e+00
1.356039016490906768e+01 1.074754690050473194e+00
1.359106978066678018e+01 1.075626641160643659e+00
1.362174939642449267e+01 1.076401086077737101e+00
1.365242901218220695e+01 1.077075541025221961e+00
1.368310862793991944e+01 1.077647633494184243e+00
1.371378824369763194e+01 1.078122318102813670e+00
1.374446785945534444e+01 1.078497107403770583e+00
1.377514747521305694e+01 1.078772774490238451e+00
1.380582709097076943e+01 1.078950070595363631e+00
1.383650670672848371e+01 1.079029996723096740e+00
1.386718632248619620e+01 1.079015006682824351e+00
1.389786593824390870e+01 1.078902624819138900e+00
1.392854555400162120e+01 1.078702062266108097e+00
1.395922516975933370e+01 1.078407188452490395e+00
1.398990478551704797e+01 1.078027426346683804e+00
1.402058440127476047e+01 1.077555240078100329e+00
1.405126401703247296e+01 1.077008141715788847e+00
1.408194363279018546e+01 1.076376494456056765e+00
1.411262324854789796e+01 1.075669407427077395e+00
1.414330286430561046e+01 1.074887420228622270e+00
1.417398248006332473e+01 1.074032987933089656e+00
1.420466209582103723e+01 1.073108642064024121e+00
1.423534171157874972e+01 1.072118569985777370e+00
1.426602132733646222e+01 1.071066725407812559e+00
1.429670094309417472e+01 1.069952464134773740e+00
1.432738055885188899e+01 1.068785739333564244e+00
1.435806017460960149e+01 1.067561589123884103e+00
1.438873979036731399e+01 1.066283285903558031e+00
1.441941940612502648e+01 1.064961632413465864e+00
1.445009902188273898e+01 1.063590043728532386e+00
1.448077863764045148e+01 1.062175984616897884e+00
1.451145825339816575e+01 1.060724475144598111e+00
1.454213786915587825e+01 1.059223112709820835e+00
1.457281748491359075e+01 1.057694108668085553e+00
1.460349710067130324e+01 1.056130147799655195e+00
1.463417671642901574e+01 1.054538707787843199e+00
1.466485633218673001e+01 1.052914811407054119e+00
1.469553594794444251e+01 1.051260544525497886e+00
1.472621556370215501e+01 1.049591639433732571e+00
1.475689517945986751e+01 1.047895266542894888e+00
1.478757479521758000e+01 1.046188901862084020e+00
1.481825441097529250e+01 1.044460069023216420e+00
1.484893402673300677e+01 1.042715560365382377e+00
1.487961364249071927e+01 1.040966719000735008e+00
1.491029325824843177e+01 1.039210385948807103e+00
1.494097287400614427e+01 1.037446559523750977e+00
1.497165248976385676e+01 1.035680235320598941e+00
1.500233210552157104e+01 1.033908148965043017e+00
1.503301172127928353e+01 1.032139327076392998e+00
1.506369133703699603e+01 1.030377997344374297e+00
1.509437095279470853e+01 1.028616667612355817e+00
1.512505056855242103e+01 1.026862825804250923e+00
1.515573018431013530e+01 1.025108289228024772e+00
1.518640980006784780e+01 1.023369447748619709e+00
1.521708941582556029e+01 1.021640596437191739e+00
1.524776903158327279e+01 1.019919237560189318e+00
1.527844864734098529e+01 1.018199802211790628e+00
1.530912826309869779e+01 1.016498439545528099e+00
1.533980787885641206e+01 1.014804566919537576e+00
1.537048749461412456e+01 1.013118187388881708e+00
1.540116711037183705e+01 1.011441797144991606e+00
1.543184672612954955e+01 1.009767469635492798e+00
1.546252634188726205e+01 1.008106077795500433e+00
1.549320595764497632e+01 1.006449680285990356e+00
1.552388557340268882e+01 1.004803274196060858e+00
1.555456518916040132e+01 1.003159864704420867e+00
1.558524480491811381e+01 1.001519872201536154e+00
1.561592442067582631e+01 9.998917073746510509e-01
1.564660403643353881e+01 9.982677872326196633e-01
1.567728365219125308e+01 9.966506117212217131e-01
1.570796326794896558e+01 9.950386799282839867e-01
1.573864288370667808e+01 9.934305220028615269e-01
1.576932249946439057e+01 9.918365883827016116e-01
1.580000211522210307e+01 9.902526415690298123e-01
1.583068173097981735e+01 9.886799365104402826e-01
1.586136134673752984e+01 9.871207144544875689e-01
1.589204096249524234e+01 9.855714612152204346e-01
1.592272057825295484e+01 9.840444883476133775e-01
1.595340019401066733e+01 9.825362405996459492e-01
1.598407980976837983e+01 9.810497282726232671e-01
1.601475942552609411e+01 9.795866848869642096e-01
1.604543904128380660e+01 9.781449565807659452e-01
1.607611865704151910e+01 9.767356613447135683e-01
1.610679827279923160e+01 9.753565776396435627e-01
1.613747788855694409e+01 9.740094708868155537e-01
1.616815750431465659e+01 9.726963188707016261e-01
1.619883712007236909e+01 9.714144988739463749e-01
1.622951673583008159e+01 9.701738437864672049e-01
1.626019635158779764e+01 9.689708930545990473e-01
1.629087596734551013e+01 9.678069117926487719e-01
1.632155558310322263e+01 9.666826276550122277e-01
1.635223519886093513e+01 9.655953030094196476e-01
1.638291481461864763e+01 9.645520158708091873e-01
1.641359443037636012e+01 9.635494320105836286e-01
1.644427404613407262e+01 9.625875637001939378e-01
1.647495366189178512e+01 9.616661416526310902e-01
1.650563327764949761e+01 9.607823381165263577e-01
1.653631289340721011e+01 9.599416633854763736e-01
1.656699250916492261e+01 9.591406955669158352e-01
1.659767212492263866e+01 9.583789421100233907e-01
1.662835174068035116e+01 9.576563865305571799e-01
1.665903135643806365e+01 9.569703412083858662e-01
1.668971097219577615e+01 9.563257834152887327e-01
1.672039058795348865e+01 9.557201857882796636e-01
1.675107020371120115e+01 9.551535503093077084e-01
1.678174981946891364e+01 9.546244592984941546e-01
1.681242943522662614e+01 9.541375711757292821e-01
1.684310905098433864e+01 9.536906302292381676e-01
1.687378866674205113e+01 9.532846499718579114e-01
1.690446828249976363e+01 9.529211258058862821e-01
1.693514789825747968e+01 9.525993182135910065e-01
1.696582751401519218e+01 9.523227923005530560e-01
1.699650712977290468e+01 9.520912070936305982e-01
1.702718674553061717e+01 9.519065797642741744e-01
1.705786636128832967e+01 9.517689009359131536e-01
1.708854597704604217e+01 9.516791908438658742e-01
1.711922559280375467e+01 9.516397593784704512e-01
1.714990520856146716e+01 9.516510104765039113e-01
1.718058482431917966e+01 9.517127194756257458e-01
1.721126444007689216e+01 9.518266179533800830e-01
1.724194405583460465e+01 9.519930635569987531e-01
1.727262367159232070e+01 9.522114585721733748e-01
1.730330328735003320e+01 9.524817845600072053e-01
1.733398290310774570e+01 9.528043202598704964e-01
1.736466251886545820e+01 9.531782930842148671e-01
1.739534213462317069e+01 9.536041515769494437e-01
1.742602175038088319e+01 9.540786207129250407e-01
1.745670136613859569e+01 9.546015253647883725e-01
1.748738098189630819e+01 9.551711468951432638e-01
1.751806059765402068e+01 9.557864597070184765e-01
1.754874021341173318e+01 9.564474188830075496e-01
1.757941982916944923e+01 9.571484786128523492e-01
1.761009944492716173e+01 9.578889866023135857e-01
1.764077906068487422e+01 9.586674686734045769e-01
1.767145867644258672e+01 9.594816533104755241e-01
1.770213829220029922e+01 9.603315963792853349e-01
1.773281790795801172e+01 9.612100299472264853e-01
1.776349752371572421e+01 9.621179267197308427e-01
1.779417713947343671e+01 9.630530532007254285e-01
1.782485675523114921e+01 9.640133963119588145e-01
1.785553637098886171e+01 9.650004421272815325e-01
1.788621598674657420e+01 9.660060344103801322e-01
1.791689560250429025e+01 9.670316029990236872e-01
1.794757521826200275e+01 9.680759064522408419e-01
1.797825483401971525e+01 9.691371875807472946e-01
1.800893444977742774e+01 9.702184770629191934e-01
1.803961406553514024e+01 9.713112575275750782e-01
1.807029368129285274e+01 9.724182720016989467e-01
1.810097329705056524e+01 9.735382751683850922e-01
1.813165291280827773e+01 9.746707618384359284e-01
1.816233252856599023e+01 9.758189753839273672e-01
1.819301214432370273e+01 9.769747116425329114e-01
1.822369176008141523e+01 9.781409367757333273e-01
1.825437137583913128e+01 9.793176521189113082e-01
1.828505099159684377e+01 9.805041047157444511e-01
1.831573060735455627e+01 9.817029513635909810e-01
1.834641022311226877e+01 9.829071539294846893e-01
1.837708983886998126e+01 9.841193485195208757e-01
1.840776945462769376e+01 9.853387858960730439e-01
1.843844907038540626e+01 9.865689704077396094e-01
1.846912868614311876e+01 9.878009065561447199e-01
1.849980830190083125e+01 9.890378357267062270e-01
1.853048791765854375e+01 9.902785113932600636e-01
1.856116753341625625e+01 9.915224336227974611e-01
1.859184714917397230e+01 9.927714147632785702e-01
1.862252676493168480e+01 9.940173356361948764e-01
1.865320638068939729e+01 9.952617583971367088e-01
1.868388599644710979e+01 9.965041829017221575e-01
1.871456561220482229e+01 9.977433610467094649e-01
1.874524522796253478e+01 9.989780543305247784e-01
1.877592484372024728e+01 1.000201986465634629e+00
1.880660445947795978e+01 1.001420174965511389e+00
1.883728407523567228e+01 1.002623875199393222e+00
1.886796369099338477e+01 1.003821332825173496e+00
1.889864330675109727e+01 1.005004143399512495e+00
1.892932292250881332e+01 1.006168356794099550e+00
1.896000253826652582e+01 1.007315093428051256e+00
1.899068215402423832e+01 1.008444343128579446e+00
1.902136176978195081e+01 1.009551120847997030e+00
1.905204138553966331e+01 1.010643932317130123e+00
1.908272100129737581e+01 1.011705714865008598e+00
1.911340061705508830e+01 1.012750020451255839e+00
1.914408023281280080e+01 1.013766844849740334e+00
1.917475984857051330e+01 1.014756205214488727e+00
1.920543946432822580e+01 1.015723711567731113e+00
1.923611908008593829e+01 1.016665565566065244e+00
1.926679869584365434e+01 1.017574961342597062e+00
1.929747831160136684e+01 1.018459374780690929e+00
1.932815792735907934e+01 1.019316324843987376e+00
1.935883754311679184e+01 1.020148478322261631e+00
1.938951715887450433e+01 1.020947931766467365e+00
1.942019677463221683e+01 1.021719918840501062e+00
1.945087639038992933e+01 1.022461928985815005e+00
1.948155600614764182e+01 1.023178971804916459e+00
1.951223562190535432e+01 1.023868265812949208e+00
1.954291523766306682e+01 1.024527813935566467e+00
1.957359485342077932e+01 1.025159893967056757e+00
1.960427446917849537e+01 1.025761998947232634e+00
1.963495408493620786e+01 1.026334143766318485e+00
1.966563370069392036e+01 1.026885562593017331e+00
1.969631331645163286e+01 1.027397712542713393e+00
1.972699293220934535e+01 1.027887387191614987e+00
1.975767254796705785e+01 1.028344590902114719e+00
1.978835216372477035e+01 1.028771833875972153e+00
1.981903177948248285e+01 1.029172883010049500e+00
1.984971139524019534e+01 1.029542626201357169e+00
1.988039101099790784e+01 1.029882400447533763e+00
1.991107062675562034e+01 1.030187208181122527e+00
1.994175024251333639e+01 1.030467905049578192e+00
1.997242985827104889e+01 1.030715206673700202e+00
2.000310947402876138e+01 1.030927556319552130e+00
2.003378908978647388e+01 1.031109935142867418e+00
2.006446870554418638e+01 1.031264841998676074e+00
2.009514832130189887e+01 1.031382633788620939e+00
2.012582793705961137e+01 1.031467550050106707e+00
2.015650755281732387e+01 1.031522506765553127e+00
2.018718716857503637e+01 1.031549988506052618e+00
2.021786678433274886e+01 1.031545005409717719e+00
2.024854640009046136e+01 1.031509901758766334e+00
2.027922601584817741e+01 1.031444919494932444e+00
2.030990563160588991e+01 1.031349977070008528e+00
2.034058524736360241e+01 1.031225060067737731e+00
2.037126486312131490e+01 1.031075171678560221e+00
2.040194447887902740e+01 1.030899706613257250e+00
2.043262409463673990e+01 1.030697319486434838e+00
2.046330371039445239e+01 1.030467469180762485e+00
2.049398332615216489e+01 1.030212638496130095e+00
2.052466294190987739e+01 1.029937831953575911e+00
2.055534255766758989e+01 1.029634549470945570e+00
2.058602217342530594e+01 1.029309749014159836e+00
2.061670178918301843e+01 1.028962478436556527e+00
2.064738140494073093e+01 1.028592724109834933e+00
2.067806102069844343e+01 1.028200498351005354e+00
2.070874063645615593e+01 1.027784420897408069e+00
2.073942025221386842e+01 1.027347194897429317e+00
2.077009986797158092e+01 1.026885001989027435e+00
2.080077948372929342e+01 1.026400324116980123e+00
2.083145909948700591e+01 1.025893176124115458e+00
2.086213871524471841e+01 1.025359293793581816e+00
2.089281833100243091e+01 1.024799653681387257e+00
2.092349794676014696e+01 1.024220038790850662e+00
2.095417756251785946e+01 1.023612943999035796e+00
2.098485717827557195e+01 1.022980882239110656e+00
2.101553679403328445e+01 1.022324185018155251e+00
2.104621640979099695e+01 1.021644620490175681e+00
2.107689602554870945e+01 1.020935091917277271e+00
2.110757564130642194e+01 1.020205579213235181e+00
2.113825525706413444e+01 1.019453596712027510e+00
2.116893487282184694e+01 1.018674091261971393e+00
2.119961448857955943e+01 1.017874611828772258e+00
2.123029410433727193e+01 1.017052657953830597e+00
2.126097372009498798e+01 1.016220712639117840e+00
2.129165333585270048e+01 1.015366299604102407e+00
2.132233295161041298e+01 1.014496552775368210e+00
2.135301256736812547e+01 1.013614636692533821e+00
2.138369218312583797e+01 1.012727725976411142e+00
2.141437179888355047e+01 1.011830824446319665e+00
2.144505141464126297e+01 1.010933920370015171e+00
2.147573103039897546e+01 1.010031590314036665e+00
2.150641064615668796e+01 1.009132190498539305e+00
2.153709026191440046e+01 1.008240283102325607e+00
2.156776987767211295e+01 1.007353370800195158e+00
2.159844949342982900e+01 1.006476105478280036e+00
2.162912910918754150e+01 1.005611696415751100e+00
2.165980872494525400e+01 1.004764763403357408e+00
2.169048834070296650e+01 1.003932816168233710e+00
2.172116795646067899e+01 1.003117851189130771e+00
2.175184757221839149e+01 1.002322547135683140e+00
2.178252718797610399e+01 1.001546834691627197e+00
2.181320680373381649e+01 1.000796087441734317e+00
2.184388641949152898e+01 1.000063074472409275e+00
2.187456603524924148e+01 9.993555332913204303e-01
2.190524565100695398e+01 9.986617544511675604e-01
2.193592526676467003e+01 9.979927150359272359e-01
2.196660488252238252e+01 9.973431494868356673e-01
2.199728449828009502e+01 9.967115691233543462e-01
2.202796411403780752e+01 9.960969688881677886e-01
2.205864372979552002e+01 9.954954149318363532e-01
2.208932334555323251e+01 9.949095633164839469e-01
2.212000296131094501e+01 9.943356955967630473e-01
2.215068257706865751e+01 9.937720700825172226e-01
2.218136219282637001e+01 9.932166844083629709e-01
2.221204180858408250e+01 9.926670112001020341e-01
2.224272142434179500e+01 9.921248740272265998e-01
2.227340104009951105e+01 9.915864818744872800e-01
2.230408065585722355e+01 9.910518371047681851e-01
2.233476027161493604e+01 9.905191897468806905e-01
2.236543988737264854e+01 9.899868123650823470e-01
2.239611950313036104e+01 9.894579145715691748e-01
2.242679911888807354e+01 9.889302651539769728e-01
2.245747873464578603e+01 9.884046143510200055e-01
2.248815835040349853e+01 9.878807112313017225e-01
2.251883796616121103e+01 9.873586106350049629e-01
2.254951758191892353e+01 9.868419566339423632e-01
2.258019719767663602e+01 9.863300467586366693e-01
2.261087681343435207e+01 9.858248817853074719e-01
2.264155642919206457e+01 9.853277060741676419e-01
2.267223604494977707e+01 9.848386905401117497e-01
2.270291566070748956e+01 9.843625135590252651e-01
2.273359527646520206e+01 9.838993213146051131e-01
2.276427489222291456e+01 9.834513665980806341e-01
2.279495450798062706e+01 9.830196401482856894e-01
2.282563412373833955e+01 9.826048120601659219e-01
2.285631373949605205e+01 9.822110831792457697e-01
2.288699335525376455e+01 9.818385806784742931e-01
2.291767297101147705e+01 9.814890579279719196e-01
2.294835258676919310e+01 9.811627542482038722e-01
2.297903220252690559e+01 9.808602104919404985e-01
2.300971181828461809e+01 9.805844035674170511e-01
2.304039143404233059e+01 9.803340698948663778e-01
2.307107104980004308e+01 9.801109605254769708e-01
2.310175066555775558e+01 9.799139706792948656e-01
2.313243028131546808e+01 9.797448589502243399e-01
2.316310989707318058e+01 9.796019626844878481e-01
2.319378951283089307e+01 9.794862895403853020e-01
2.322446912858860557e+01 9.793968399997172725e-01
2.325514874434631807e+01 9.793339408558011661e-01
2.328582836010403412e+01 9.792967386836718413e-01
2.331650797586174662e+01 9.792845032475007150e-01
2.334718759161945911e+01 9.792969949477279279e-01
2.337786720737717161e+01 9.793334610120282280e-01
2.340854682313488411e+01 9.793938765902343579e-01
2.343922643889259660e+01 9.794768408567806617e-01
2.346990605465030910e+01 9.795822751455347532e-01
2.350058567040802160e+01 9.797096904878509482e-01
2.353126528616573410e+01 9.798583318018616595e-01
2.356194490192344659e+01 9.800285286259419193e-01
2.359262451768115909e+01 9.802189177105226081e-01
2.362330413343887514e+01 9.804287809671315967e-01
2.365398374919658764e+01 9.806586282513100050e-01
2.368466336495430014e+01 9.809077025640019487e-01
2.371534298071201263e+01 9.811769014566504854e-01
2.374602259646972513e+01 9.814634746766249807e-01
2.377670221222743763e+01 9.817685232752267899e-01
2.380738182798515012e+01 9.820913088090945653e-01
2.383806144374286262e+01 9.824318220506638166e-01
2.386874105950057512e+01 9.827902505380485820e-01
2.389942067525828762e+01 9.831642629865915417e-01
2.393010029101600367e+01 9.835545038438758825e-01
2.396077990677371616e+01 9.839597345992424637e-01
2.399145952253142866e+01 9.843801952477231332e-01
2.402213913828914116e+01 9.848160714572673502e-01
2.405281875404685366e+01 9.852640316161432876e-01
2.408349836980456615e+01 9.857247255205181524e-01
2.411417798556227865e+01 9.861971609991716514e-01
2.414485760131999115e+01 9.866803322553164834e-01
2.417553721707770364e+01 9.871751097781786832e-01
2.420621683283541614e+01 9.876777801817230307e-01
2.423689644859312864e+01 9.881884408870060810e-01
2.426757606435084469e+01 9.887065957448180065e-01
2.429825568010855719e+01 9.892304931692804670e-01
2.432893529586626968e+01 9.897621139411266755e-01
2.435961491162398218e+01 9.902957613177101326e-01
2.439029452738169468e+01 9.908334040954838162e-01
2.442097414313940718e+01 9.913737945570890719e-01
2.445165375889711967e+01 9.919154336261316596e-01
2.448233337465483217e+01 9.924600916663156580e-01
2.451301299041254467e+01 9.930039799768474174e-01
2.454369260617025716e+01 9.935471191027209770e-01
2.457437222192796966e+01 9.940887595858293180e-01
2.460505183768568571e+01 9.946296508842794593e-01
2.463573145344339821e+01 9.951697996668529278e-01
2.466641106920111071e+01 9.957059421786381703e-01
2.469709068495882320e+01 9.962385882763209466e-01
2.472777030071653570e+01 9.967679875180646132e-01
2.475844991647424820e+01 9.972948467102268344e-01
2.478912953223196070e+01 9.978152463723677368e-01
2.481980914798967319e+01 9.983309023423362349e-01
2.485048876374738569e+01 9.988418128816238806e-01
2.488116837950509819e+01 9.993482280558374509e-01
2.491184799526281068e+01 9.998477695657367326e-01
2.494252761102052673e+01 1.000339687998925031e+00
2.497320722677823923e+01 1.000826362991972474e+00
2.500388684253595173e+01 1.001306044280692253e+00
2.503456645829366423e+01 1.001776735402485796e+00
2.506524607405137672e+01 1.002237680605286618e+00
2.509592568980908922e+01 1.002690872795112265e+00
2.512660530556680172e+01 1.003136074744548578e+00
2.515728492132451422e+01 1.003568287572405682e+00
2.518796453708222671e+01 1.003995755887196140e+00
2.521864415283993921e+01 1.004409826359954572e+00
2.524932376859765171e+01 1.004810303881908062e+00
2.528000338435536776e+01 1.005202541891043300e+00
2.531068300011308025e+01 1.005582289577946931e+00
2.534136261587079275e+01 1.005949552486401055e+00
2.537204223162850525e+01 1.006302971150904391e+00
2.540272184738621775e+01 1.006645236620713924e+00
2.543340146314393024e+01 1.006977515131862955e+00
2.546408107890164274e+01 1.007294804317631076e+00
2.549476069465935524e+01 1.007597112707962816e+00
2.552544031041706774e+01 1.007887870934619734e+00
2.555611992617478023e+01 1.008170170378530184e+00
2.558679954193249273e+01 1.008432496083299101e+00
2.561747915769020878e+01 1.008684828577093739e+00
2.564815877344792128e+01 1.008927174350525036e+00
2.567883838920563377e+01 1.009160271975642287e+00
2.570951800496334627e+01 1.009377623160987003e+00
2.574019762072105877e+01 1.009587483724801782e+00
2.577087723647877127e+01 1.009784853557151640e+00
2.580155685223648376e+01 1.009967243502708945e+00
2.583223646799419626e+01 1.010145196000620249e+00
2.586291608375190876e+01 1.010310083824114136e+00
2.589359569950962126e+01 1.010469977587020951e+00
2.592427531526733375e+01 1.010617381400714443e+00
2.595495493102504980e+01 1.010757294473729750e+00
2.598563454678276230e+01 1.010892637849540199e+00
2.601631416254047480e+01 1.011015054205163022e+00
2.604699377829818729e+01 1.011132476187297513e+00
2.607767339405589979e+01 1.011237409002471388e+00
2.610835300981361229e+01 1.011332354590628313e+00
2.613903262557132479e+01 1.011425087674580947e+00
2.616971224132903728e+01 1.011507526914974253e+00
2.620039185708674978e+01 1.011574982096200559e+00
2.623107147284446228e+01 1.011639939600485150e+00
2.626175108860217478e+01 1.011692416356730240e+00
2.629243070435989083e+01 1.011732532504615367e+00
2.632311032011760332e+01 1.011765006723203575e+00
2.635378993587531582e+01 1.011784993443566982e+00
2.638446955163302832e+01 1.011789995040982548e+00
2.641514916739074081e+01 1.011784971972985891e+00
2.644582878314845331e+01 1.011767469529240238e+00
2.647650839890616581e+01 1.011734988372849697e+00
2.650718801466387831e+01 1.011692516592077595e+00
2.653786763042159080e+01 1.011630065898978970e+00
2.656854724617930330e+01 1.011554861493285440e+00
2.659922686193701580e+01 1.011464908126925577e+00
2.662990647769473185e+01 1.011359975207520190e+00
2.666058609345244435e+01 1.011242553225385477e+00
2.669126570921015684e+01 1.011105153582527727e+00
2.672194532496786934e+01 1.010957252705794174e+00
2.675262494072558184e+01 1.010789855798736481e+00
2.678330455648329433e+01 1.010612471800266476e+00
2.681398417224100683e+01 1.010422597956814883e+00
2.684466378799871933e+01 1.010217741806523239e+00
2.687534340375643183e+01 1.009999678359785324e+00
2.690602301951414432e+01 1.009772321917439486e+00
2.693670263527186037e+01 1.009534978754730083e+00
2.696738225102957287e+01 1.009287643090233999e+00
2.699806186678728537e+01 1.009030319846979662e+00
2.702874148254499787e+01 1.008767138547857156e+00
2.705942109830271036e+01 1.008499811008689351e+00
2.709010071406042286e+01 1.008224993603693331e+00
2.712078032981813536e+01 1.007950176198697312e+00
2.715145994557584785e+01 1.007670365317223427e+00
2.718213956133356035e+01 1.007387135958412783e+00
2.721281917709127285e+01 1.007104823533280458e+00
2.724349879284898535e+01 1.006822511108148799e+00
2.727417840860670140e+01 1.006542696924759950e+00
2.730485802436441389e+01 1.006262882839673134e+00
2.733553764012212639e+01 1.005984668963095130e+00
2.736621725587983889e+01 1.005714849643392084e+00
2.739689687163755138e+01 1.005447527258532814e+00
2.742757648739526388e+01 1.005181703724848719e+00
2.745825610315297638e+01 1.004921122837227010e+00
2.748893571891068888e+01 1.004658703021108934e+00
2.751961533466840137e+01 1.004403624500474379e+00
2.755029495042611387e+01 1.004152541325909809e+00
2.758097456618382637e+01 1.003903206701535433e+00
2.761165418194154242e+01 1.003657616768334426e+00
2.764233379769925492e+01 1.003412982755977234e+00
2.767301341345696741e+01 1.003170393391416892e+00
2.770369302921467991e+01 1.002926555402984476e+00
2.773437264497239241e+01 1.002689211622770804e+00
2.776505226073010490e+01 1.002445129814875324e+00
2.779573187648781740e+01 1.002201745870671346e+00
2.782641149224552990e+01 1.001957157818714528e+00
2.785709110800324240e+01 1.001711071324241198e+00
2.788777072376095489e+01 1.001463236498608467e+00
2.791845033951866739e+01 1.001212582690309327e+00
2.794912995527638344e+01 1.000958251673686128e+00
2.797980957103409594e+01 1.000703920033542582e+00
2.801048918679180844e+01 1.000447590344882620e+00
2.804116880254952093e+01 1.000191510402171913e+00
2.807184841830723343e+01 9.999298367883876493e-01
2.810252803406494593e+01 9.996680123496611836e-01
2.813320764982265842e+01 9.994079352132283489e-01
2.816388726558037092e+01 9.991481078485049405e-01
2.819456688133808342e+01 9.988887799443898485e-01
2.822524649709579592e+01 9.986323683300281084e-01
2.825592611285350841e+01 9.983805388431308270e-01
2.828660572861122446e+01 9.981324547495692423e-01
2.831728534436893696e+01 9.978901157651638432e-01
2.834796496012664946e+01 9.976540196472338806e-01
2.837864457588436196e+01 9.974246798377035539e-01
2.840932419164207445e+01 9.972043339287112174e-01
2.844000380739978695e+01 9.969937250720730670e-01
2.847068342315749945e+01 9.967928585324216106e-01
2.850136303891521194e+01 9.966024793513568181e-01
2.853204265467292444e+01 9.964230169276422355e-01
2.856272227043063694e+01 9.962553868342938213e-01
2.859340188618834944e+01 9.960994911066527457e-01
2.862408150194606549e+01 9.959548372180230258e-01
2.865476111770377798e+01 9.958224178144706729e-01
2.868544073346149048e+01 9.957008527226637318e-01
2.871612034921920298e+01 9.955899335501880998e-01
2.874679996497691548e+01 9.954897501143669114e-01
2.877747958073462797e+01 9.953993101935998400e-01
2.880815919649234047e+01 9.953173589865675908e-01
2.883883881225005297e+01 9.952431652957409725e-01
2.886951842800776546e+01 9.951762130839584275e-01
2.890019804376547796e+01 9.951147539188411884e-01
2.893087765952319046e+01 9.950580412971354871e-01
2.896155727528090651e+01 9.950055730634447260e-01
2.899223689103861901e+01 9.949551920197845511e-01
2.902291650679633150e+01 9.949069745945886556e-01
2.905359612255404400e+01 9.948597559677303526e-01
2.908427573831175650e+01 9.948117879335842684e-01
2.911495535406946900e+01 9.947633205318446858e-01
2.914563496982718149e+01 9.947131910524900089e-01
2.917631458558489399e+01 9.946614741070235466e-01
2.920699420134260649e+01 9.946070102940335333e-01
2.923767381710031898e+01 9.945505481867696895e-01
2.926835343285803148e+01 9.944913398730671483e-01
2.929903304861574753e+01 9.944296813729884832e-01
2.932971266437346003e+01 9.943659728767897388e-01
2.936039228013117253e+01 9.943002665335952672e-01
2.939107189588888502e+01 9.942335611058441547e-01
2.942175151164659752e+01 9.941658570060567524e-01
2.945243112740431002e+01 9.940979323207088658e-01
2.948311074316202252e+01 9.940312273413764999e-01
2.951379035891973501e+01 9.939665203342001876e-01
2.954446997467744751e+01 9.939040611264710057e-01
2.957514959043516001e+01 9.938451623686935799e-01
2.960582920619287250e+01 9.937909531464169666e-01
2.963650882195058855e+01 9.937417377872020952e-01
2.966718843770830105e+01 9.936992660064298821e-01
2.969786805346601355e+01 9.936637869414317592e-01
2.972854766922372605e+01 9.936362204978745893e-01
2.975922728498143854e+01 9.936172411123839199e-01
2.978990690073915104e+01 9.936072499438050043e-01
2.982058651649686354e+01 9.936070001098004090e-01
2.985126613225457604e+01 9.936169889681610856e-01
2.988194574801228853e+01 9.936377961950612070e-01
2.991262536377000103e+01 9.936687844930748303e-01
2.994330497952771708e+01 9.937105085560288265e-01
2.997398459528542958e+01 9.937632235309871165e-01
3.000466421104314207e+01 9.938261765568636719e-01
3.003534382680085457e+01 9.939003702738753443e-01
3.006602344255856707e+01 9.939845717785181778e-01
3.009670305831627957e+01 9.940785103106102305e-01
3.012738267407399206e+01 9.941819415884903810e-01
3.015806228983170456e+01 9.942948611971003103e-01
3.018874190558941706e+01 9.944169277916294902e-01
3.021942152134712956e+01 9.945470965656536544e-01
3.025010113710484205e+01 9.946847553892103067e-01
3.028078075286255810e+01 9.948301587798534795e-01
3.031146036862027060e+01 9.949820537794880071e-01
3.034213998437798310e+01 9.951409639229343851e-01
3.037281960013569559e+01 9.953051085349534643e-01
3.040349921589340809e+01 9.954749956580417614e-01
3.043417883165112059e+01 9.956496295058968604e-01
3.046485844740883309e+01 9.958287573843008778e-01
3.049553806316654558e+01 9.960124818505583510e-01
3.052621767892425808e+01 9.961993595575030502e-01
3.055689729468197058e+01 9.963894832349590169e-01
3.058757691043968308e+01 9.965821050321579389e-01
3.061825652619739913e+01 9.967779724473839753e-01
3.064893614195511162e+01 9.969742363354231474e-01
3.067961575771282412e+01 9.971748513729082886e-01
3.071029537347053662e+01 9.973722202364960765e-01
3.074097498922824911e+01 9.975738356376807614e-01
3.077165460498596161e+01 9.977739538973433575e-01
3.080233422074367411e+01 9.979754712644175463e-01
3.083301383650138661e+01 9.981738394640237155e-01
3.086369345225909910e+01 9.983722076636297738e-01
3.089437306801681160e+01 9.985698265211832014e-01
3.092505268377452410e+01 9.987639506131336109e-01
3.095573229953224015e+01 9.989569477951811827e-01
3.098641191528995265e+01 9.991447500000000259e-01
3.101709153104766514e+01 9.991447500000000259e-01
3.104777114680537764e+01 9.991447500000000259e-01
3.107845076256309014e+01 9.991447500000000259e-01
3.110913037832080263e+01 9.991447500000000259e-01
3.113980999407851513e+01 9.991447500000000259e-01
3.117048960983622763e+01 9.991447500000000259e-01
3.120116922559394013e+01 9.991447500000000259e-01
3.123184884135165262e+01 9.991447500000000259e-01
3.126252845710936512e+01 9.991447500000000259e-01
3.129320807286708117e+01 9.991447500000000259e-01
3.132388768862479367e+01 9.991447500000000259e-01
3.135456730438250617e+01 9.991447500000000259e-01
3.138524692014021866e+01 9.991447500000000259e-01
3.141592653589793116e+01 9.991447500000000259e-01
