# Description:
#    Intra-molecular correlation functions (form factors) for a single ungrafted 
#    matrix chain in a vacuum. These data were calculated from MD simulations 
#    using the Debye method.
#  
# Source:
#   Coarse Grained MD Simulation
#
# Chain Length: 60
# Interactions: WCA
# dr: 0.1 d
# dk: 0.031 d^-1
# length: 1024
# Omega Pair: Matrix-Matrix
# 
# k                      Matrix-Matrix Omega(k)
# 
3.067961575771282340e-02 5.941154911692995455e+01
6.135923151542564680e-02 5.769224720615396507e+01
9.203884727313846326e-02 5.497249457188365795e+01
1.227184630308512936e-01 5.144971333260644997e+01
1.533980787885641239e-01 4.736373870765729777e+01
1.840776945462769543e-01 4.296659377904533983e+01
2.147573103039897569e-01 3.849605608965917725e+01
2.454369260617025872e-01 3.415466046282337942e+01
2.761165418194154175e-01 3.009531062380264288e+01
3.067961575771282479e-01 2.641765832574093764e+01
3.374757733348410782e-01 2.317124898491216456e+01
3.681553890925539085e-01 2.036309464906868882e+01
3.988350048502666834e-01 1.796994968050370289e+01
4.295146206079795137e-01 1.594902499127456608e+01
4.601942363656923440e-01 1.424866396427226434e+01
4.908738521234051744e-01 1.281625690424156794e+01
5.215534678811180047e-01 1.160300920596219676e+01
5.522330836388308350e-01 1.056737256866035146e+01
5.829126993965436654e-01 9.675531238394524891e+00
6.135923151542564957e-01 8.901335552456259848e+00
6.442719309119693261e-01 8.225006523038654649e+00
6.749515466696821564e-01 7.631516269570088440e+00
7.056311624273949867e-01 7.109082558784549200e+00
7.363107781851078171e-01 6.647980833784563615e+00
7.669903939428205364e-01 6.239497827739277191e+00
7.976700097005333667e-01 5.875629896702599275e+00
8.283496254582461971e-01 5.548933988356941960e+00
8.590292412159590274e-01 5.252752867286897498e+00
8.897088569736718577e-01 4.981498764568584647e+00
9.203884727313846881e-01 4.730776404899390997e+00
9.510680884890975184e-01 4.497459371224103997e+00
9.817477042468103487e-01 4.279459601529815416e+00
1.012427320004523068e+00 4.075522814737549737e+00
1.043106935762235787e+00 3.884814047613559751e+00
1.073786551519948729e+00 3.706737516189906323e+00
1.104466167277661448e+00 3.540695742985623173e+00
1.135145783035374389e+00 3.386036258010071798e+00
1.165825398793087109e+00 3.242049094402879916e+00
1.196505014550800050e+00 3.107964602644488483e+00
1.227184630308512769e+00 2.983172460518128233e+00
1.257864246066225711e+00 2.866960013171563570e+00
1.288543861823938430e+00 2.758674786379649913e+00
1.319223477581651371e+00 2.657674304849520386e+00
1.349903093339364091e+00 2.563321092533698664e+00
1.380582709097077032e+00 2.474977676916775060e+00
1.411262324854789751e+00 2.392046588973341770e+00
1.441941940612502693e+00 2.314042852144501339e+00
1.472621556370215412e+00 2.240563987640717070e+00
1.503301172127928131e+00 2.171327509037128234e+00
1.533980787885641073e+00 2.106128424678131328e+00
1.564660403643353792e+00 2.044786741293901144e+00
1.595340019401066733e+00 1.987119965706654279e+00
1.626019635158779453e+00 1.932890644893721976e+00
1.656699250916492394e+00 1.881816247048244906e+00
1.687378866674205113e+00 1.833591781441866519e+00
1.718058482431918055e+00 1.787889760647172865e+00
1.748738098189630774e+00 1.744427694179699229e+00
1.779417713947343715e+00 1.702940591349725530e+00
1.810097329705056435e+00 1.663218457326952393e+00
1.840776945462769376e+00 1.625098795272465368e+00
1.871456561220482095e+00 1.588446608209461486e+00
1.902136176978195037e+00 1.553159397160428057e+00
1.932815792735907756e+00 1.519147164262383942e+00
1.963495408493620697e+00 1.486342409529555875e+00
1.994175024251333417e+00 1.454657485574451403e+00
2.024854640009046136e+00 1.424038012364132300e+00
2.055534255766759077e+00 1.394365998774701465e+00
2.086213871524472019e+00 1.365521449630344719e+00
2.116893487282184960e+00 1.337386870482504930e+00
2.147573103039897902e+00 1.309854769668773011e+00
2.178252718797610399e+00 1.282860155834622207e+00
2.208932334555323340e+00 1.256408032977343270e+00
2.239611950313036282e+00 1.230558402497828885e+00
2.270291566070749223e+00 1.205428761895501300e+00
2.300971181828461720e+00 1.181174104961398186e+00
2.331650797586174662e+00 1.157939425662563027e+00
2.362330413343887603e+00 1.135847218655354096e+00
2.393010029101600544e+00 1.114964981349080064e+00
2.423689644859313042e+00 1.095302727606054738e+00
2.454369260617025983e+00 1.076827945244473339e+00
2.485048876374738924e+00 1.059450636434093207e+00
2.515728492132451422e+00 1.043060805539410607e+00
2.546408107890164363e+00 1.027528457926858652e+00
2.577087723647877304e+00 1.012722848536520059e+00
2.607767339405590246e+00 9.985114824327722127e-01
2.638446955163302743e+00 9.847701137752110645e-01
2.669126570921015684e+00 9.713924952203839558e-01
2.699806186678728626e+00 9.582893786473907216e-01
2.730485802436441567e+00 9.453935143995974011e-01
2.761165418194154064e+00 9.326601516435704120e-01
2.791845033951867006e+00 9.200672883782313738e-01
2.822524649709579947e+00 9.076061337508549709e-01
2.853204265467292888e+00 8.952923100449377003e-01
2.883883881225005386e+00 8.831372350824825412e-01
2.914563496982718327e+00 8.711624084546170099e-01
2.945243112740431268e+00 8.593928298561415158e-01
2.975922728498143766e+00 8.478597487799183208e-01
3.006602344255856707e+00 8.366019144768015448e-01
3.037281960013569648e+00 8.256673255266211431e-01
3.067961575771282590e+00 8.151099799646597255e-01
3.098641191528995087e+00 8.049851254237525566e-01
3.129320807286708028e+00 7.953405096822194764e-01
3.160000423044420970e+00 7.862076312324850491e-01
3.190680038802133911e+00 7.775944897423497926e-01
3.221359654559846408e+00 7.694840913198293109e-01
3.252039270317559350e+00 7.618354319152075282e-01
3.282718886075272291e+00 7.545920129958854083e-01
3.313398501832985232e+00 7.476900870387463982e-01
3.344078117590697730e+00 7.410689062549736805e-01
3.374757733348410671e+00 7.346769722437078709e-01
3.405437349106123612e+00 7.284787855574631488e-01
3.436116964863836554e+00 7.224583456009541216e-01
3.466796580621549051e+00 7.166196507462819776e-01
3.497476196379261992e+00 7.109869483326176631e-01
3.528155812136974934e+00 7.055972357084335789e-01
3.558835427894687431e+00 7.004970100678005185e-01
3.589515043652400372e+00 6.957282766189220036e-01
3.620194659410113314e+00 6.913281394016178583e-01
3.650874275167826255e+00 6.873077411393706537e-01
3.681553890925538752e+00 6.836560797090208697e-01
3.712233506683251694e+00 6.803421543893910517e-01
3.742913122440964635e+00 6.773184666598550674e-01
3.773592738198677576e+00 6.745345189979554679e-01
3.804272353956390074e+00 6.719463138816912373e-01
3.834951969714103015e+00 6.695206035715306481e-01
3.865631585471815956e+00 6.672398892030125817e-01
3.896311201229528898e+00 6.650959214287042176e-01
3.926990816987241395e+00 6.630892002431335586e-01
3.957670432744954336e+00 6.612207255734656730e-01
3.988350048502667278e+00 6.594889974756638074e-01
4.019029664260379775e+00 6.578922674736713549e-01
4.049709280018092272e+00 6.564287843446389159e-01
4.080388895775804770e+00 6.551040476799544487e-01
4.111068511533518155e+00 6.539333067999392179e-01
4.141748127291230652e+00 6.529468102160105314e-01
4.172427743048944038e+00 6.521898056881340056e-01
4.203107358806656535e+00 6.517157908059206806e-01
4.233786974564369032e+00 6.515775136331968254e-01
4.264466590322082418e+00 6.518167234105135543e-01
4.295146206079794915e+00 6.524481719080635900e-01
4.325825821837507412e+00 6.534546129295779604e-01
4.356505437595220798e+00 6.547848021793039042e-01
4.387185053352933295e+00 6.563589961779938697e-01
4.417864669110646680e+00 6.580865231003603100e-01
4.448544284868359178e+00 6.598810010097672096e-01
4.479223900626071675e+00 6.616782249089804280e-01
4.509903516383785060e+00 6.634471994298496433e-01
4.540583132141497558e+00 6.651871772038657760e-01
4.571262747899210055e+00 6.669229083087304666e-01
4.601942363656923440e+00 6.686903916807394044e-01
4.632621979414635938e+00 6.705293754715323518e-01
4.663301595172348435e+00 6.724741080692870909e-01
4.693981210930061820e+00 6.745525883232966757e-01
4.724660826687774318e+00 6.767903153293515217e-01
4.755340442445487703e+00 6.792147880614163302e-01
4.786020058203200200e+00 6.818540054650870097e-01
4.816699673960912698e+00 6.847347193860137127e-01
4.847379289718626083e+00 6.878726773512727766e-01
4.878058905476338580e+00 6.912688788371582627e-01
4.908738521234051078e+00 6.949050747339413636e-01
4.939418136991764463e+00 6.987472666837224455e-01
4.970097752749476960e+00 7.027557063851458397e-01
5.000777368507189458e+00 7.068961448599745401e-01
5.031456984264902843e+00 7.111520816503071885e-01
5.062136600022615340e+00 7.155287649657424698e-01
5.092816215780328726e+00 7.200531919262743719e-01
5.123495831538041223e+00 7.247663596152761345e-01
5.154175447295753720e+00 7.297127659728959159e-01
5.184855063053467106e+00 7.349296584781401798e-01
5.215534678811179603e+00 7.404346336822483776e-01
5.246214294568892100e+00 7.462290990452287165e-01
5.276893910326605486e+00 7.522945529998433800e-01
5.307573526084317983e+00 7.585947453277966934e-01
5.338253141842031368e+00 7.650796770372596534e-01
5.368932757599743866e+00 7.716908499442273195e-01
5.399612373357456363e+00 7.783655167544917264e-01
5.430291989115169748e+00 7.850454305481278094e-01
5.460971604872882246e+00 7.916860941479366698e-01
5.491651220630594743e+00 7.982650096326631139e-01
5.522330836388308128e+00 8.047906776030224751e-01
5.553010452146020626e+00 8.113053469136973783e-01
5.583690067903733123e+00 8.178812648888010850e-01
5.614369683661446508e+00 8.246081806385446855e-01
5.645049299419159006e+00 8.315770908621942237e-01
5.675728915176872391e+00 8.388652422926284880e-01
5.706408530934584888e+00 8.465173835835780869e-01
5.737088146692297386e+00 8.545432651679392144e-01
5.767767762450010771e+00 8.629141394872570370e-01
5.798447378207723268e+00 8.715777596299597585e-01
5.829126993965435766e+00 8.804648792248800371e-01
5.859806609723149151e+00 8.895085006252845261e-01
5.890486225480861648e+00 8.986491254258209826e-01
5.921165841238574146e+00 9.078392542354238870e-01
5.951845456996287531e+00 9.170443869137898663e-01
5.982525072754000028e+00 9.262402636830078251e-01
6.013204688511713414e+00 9.353948895523103158e-01
6.043884304269425911e+00 9.444875138179614771e-01
6.074563920027138408e+00 9.534956379322586661e-01
6.105243535784851794e+00 9.624015139162704902e-01
6.135923151542564291e+00 9.711991432794701007e-01
6.166602767300276788e+00 9.798950269953197179e-01
6.197282383057990174e+00 9.885091650891147941e-01
6.227961998815702671e+00 9.970715564825398669e-01
6.258641614573416057e+00 1.005612950217587231e+00
6.289321230331128554e+00 1.014167843875144248e+00
6.320000846088841051e+00 1.022742737307512417e+00
6.350680461846554437e+00 1.031347629837892299e+00
6.381360077604266934e+00 1.039972521823038454e+00
6.412039693361979431e+00 1.048599913770549952e+00
6.442719309119692817e+00 1.057217305943251473e+00
6.473398924877405314e+00 1.065812198804475308e+00
6.504078540635117811e+00 1.074364593180634042e+00
6.534758156392831197e+00 1.082876988471120239e+00
6.565437772150543694e+00 1.091334385852777977e+00
6.596117387908257079e+00 1.099716786314894668e+00
6.626797003665969577e+00 1.108009190120601284e+00
6.657476619423682074e+00 1.116174100312723905e+00
6.688156235181395459e+00 1.124179017686671056e+00
6.718835850939107956e+00 1.131993943125460422e+00
6.749515466696820454e+00 1.139598876278660855e+00
6.780195082454533839e+00 1.146983684884486765e+00
6.810874698212246336e+00 1.154136059701067252e+00
6.841554313969959722e+00 1.161055937177633224e+00
6.872233929727672219e+00 1.167720820721318775e+00
6.902913545485384716e+00 1.174128207536970780e+00
6.933593161243098102e+00 1.180250598400237827e+00
6.964272777000810599e+00 1.186057996701171735e+00
6.994952392758523096e+00 1.191545402237681905e+00
7.025632008516236482e+00 1.196702817676826403e+00
7.056311624273948979e+00 1.201555241417509912e+00
7.086991240031661476e+00 1.206115173495303283e+00
7.117670855789374862e+00 1.210407612691951629e+00
7.148350471547087359e+00 1.214447558251742443e+00
7.179030087304800745e+00 1.218237510030945936e+00
7.209709703062513242e+00 1.221762465883160287e+00
7.240389318820225739e+00 1.224987428396194122e+00
7.271068934577939125e+00 1.227892399118282851e+00
7.301748550335651622e+00 1.230454878919005957e+00
7.332428166093364119e+00 1.232657368344870941e+00
7.363107781851077505e+00 1.234519865342165401e+00
7.393787397608790002e+00 1.236047370431793357e+00
7.424467013366502499e+00 1.237262381722304294e+00
7.455146629124215885e+00 1.238179899192355382e+00
7.485826244881928382e+00 1.238782426256237468e+00
7.516505860639641767e+00 1.239064961884964289e+00
7.547185476397354265e+00 1.239007508478068953e+00
7.577865092155066762e+00 1.238612563187703630e+00
7.608544707912780147e+00 1.237887344246040744e+00
7.639224323670492645e+00 1.236872321373782668e+00
7.669903939428205142e+00 1.235604810604413295e+00
7.700583555185918527e+00 1.234129807350176300e+00
7.731263170943631025e+00 1.232467308792512428e+00
7.761942786701344410e+00 1.230617313114797273e+00
7.792622402459056907e+00 1.228559819698110234e+00
7.823302018216769405e+00 1.226257330280336788e+00
7.853981633974482790e+00 1.223677347014612282e+00
7.884661249732195287e+00 1.220804871482885634e+00
7.915340865489907785e+00 1.217649903732584304e+00
7.946020481247621170e+00 1.214237443334190480e+00
7.976700097005333667e+00 1.210624988087757758e+00
8.007379712763047053e+00 1.206857535272660487e+00
8.038059328520759550e+00 1.202980084865083343e+00
8.068738944278472047e+00 1.199020136266533587e+00
8.099418560036184545e+00 1.194982689499801465e+00
8.130098175793897042e+00 1.190862744971614928e+00
8.160777791551611315e+00 1.186652803049795368e+00
8.191457407309323813e+00 1.182320366128825073e+00
8.222137023067036310e+00 1.177840434702075445e+00
8.252816638824748807e+00 1.173193009161081379e+00
8.283496254582461304e+00 1.168343092088496293e+00
8.314175870340175578e+00 1.163265683453316823e+00
8.344855486097888075e+00 1.157968279413182477e+00
8.375535101855600573e+00 1.152455880085430540e+00
8.406214717613313070e+00 1.146766608143506616e+00
8.436894333371025567e+00 1.140966674074737064e+00
8.467573949128738064e+00 1.135119249240763795e+00
8.498253564886452338e+00 1.129286829259874780e+00
8.528933180644164835e+00 1.123514409590335106e+00
8.559612796401877333e+00 1.117819487295939940e+00
8.590292412159589830e+00 1.112194560496345908e+00
8.620972027917302327e+00 1.106604630176098336e+00
8.651651643675016601e+00 1.101009697570225931e+00
8.682331259432729098e+00 1.095364764574748850e+00
8.713010875190441595e+00 1.089629833191782859e+00
8.743690490948154093e+00 1.083782404786782561e+00
8.774370106705866590e+00 1.077832478949241723e+00
8.805049722463580864e+00 1.071780054751928724e+00
8.835729338221293361e+00 1.065662631956689532e+00
8.866408953979005858e+00 1.059512709681522669e+00
8.897088569736718355e+00 1.053370286355678198e+00
8.927768185494430853e+00 1.047275360476253248e+00
8.958447801252143350e+00 1.041257931257014935e+00
8.989127417009857623e+00 1.035342997991743452e+00
9.019807032767570121e+00 1.029548060466490611e+00
9.050486648525282618e+00 1.023885618569934319e+00
9.081166264282995115e+00 1.018358173050056825e+00
9.111845880040707613e+00 1.012973223141486079e+00
9.142525495798421886e+00 1.007720771131642490e+00
9.173205111556134383e+00 1.002604065285043866e+00
9.203884727313846881e+00 9.976220009179834758e-01
9.234564343071559378e+00 9.927605773759937691e-01
9.265243958829271875e+00 9.880091489495845813e-01
9.295923574586984373e+00 9.833512162295756642e-01
9.326603190344698646e+00 9.787700301312736162e-01
9.357282806102411143e+00 9.742515914779523722e-01
9.387962421860123641e+00 9.697851512458269818e-01
9.418642037617836138e+00 9.653672098652700262e-01
9.449321653375548635e+00 9.609987675546909358e-01
9.480001269133262909e+00 9.566855742324890111e-01
9.510680884890975406e+00 9.524366296037759527e-01
9.541360500648687903e+00 9.482624332699592928e-01
9.572040116406400401e+00 9.441732348516115314e-01
9.602719732164112898e+00 9.401807848544582180e-01
9.633399347921825395e+00 9.362950825884214234e-01
9.664078963679539669e+00 9.325243773697970973e-01
9.694758579437252166e+00 9.288739190275200341e-01
9.725438195194964663e+00 9.253449575996405274e-01
9.756117810952677161e+00 9.219332434316231950e-01
9.786797426710389658e+00 9.186345266831519307e-01
9.817477042468103932e+00 9.154428076826085503e-01
9.848156658225816429e+00 9.123570861108111218e-01
9.878836273983528926e+00 9.093816113677317681e-01
9.909515889741241423e+00 9.065248827243060914e-01
9.940195505498953921e+00 9.037993992751826022e-01
9.970875121256666418e+00 9.012168447824410178e-01
1.000155473701438069e+01 8.987893314171667702e-01
1.003223435277209319e+01 8.965031081742557140e-01
1.006291396852980569e+01 8.943670861305501596e-01
1.009359358428751818e+01 8.923599197380625014e-01
1.012427320004523068e+01 8.904661542643090844e-01
1.015495281580294495e+01 8.886717595839026540e-01
1.018563243156065745e+01 8.869635465507635930e-01
1.021631204731836995e+01 8.853521556787078417e-01
1.024699166307608245e+01 8.838386612791945263e-01
1.027767127883379494e+01 8.824348142038510590e-01
1.030835089459150922e+01 8.811538001907927020e-01
1.033903051034922171e+01 8.800042492207925671e-01
1.036971012610693421e+01 8.789979641931056076e-01
1.040038974186464671e+01 8.781320395333642725e-01
1.043106935762235921e+01 8.773974836204420091e-01
1.046174897338007170e+01 8.767786760667489743e-01
1.049242858913778598e+01 8.762625958408534199e-01
1.052310820489549847e+01 8.758289031849056938e-01
1.055378782065321097e+01 8.754668937123250005e-01
1.058446743641092347e+01 8.751703147636826774e-01
1.061514705216863597e+01 8.749437800655961439e-01
1.064582666792635024e+01 8.748004613445367061e-01
1.067650628368406274e+01 8.747560142764484459e-01
1.070718589944177523e+01 8.748257179637154435e-01
1.073786551519948773e+01 8.750205309597361980e-01
1.076854513095720023e+01 8.753426460930192610e-01
1.079922474671491273e+01 8.757819366948796924e-01
1.082990436247262700e+01 8.763233389191285028e-01
1.086058397823033950e+01 8.769486734324962729e-01
1.089126359398805199e+01 8.776406787894698303e-01
1.092194320974576449e+01 8.783911280980856162e-01
1.095262282550347699e+01 8.791921375527436133e-01
1.098330244126119126e+01 8.800490732775957392e-01
1.101398205701890376e+01 8.809699614183361671e-01
1.104466167277661626e+01 8.819625099832369974e-01
1.107534128853432875e+01 8.830373033634251190e-01
1.110602090429204125e+01 8.841915948534315728e-01
1.113670052004975375e+01 8.854315225086681895e-01
1.116738013580746802e+01 8.867593902428068109e-01
1.119805975156518052e+01 8.881783883460115936e-01
1.122873936732289302e+01 8.896973199902600271e-01
1.125941898308060551e+01 8.913105593733826604e-01
1.129009859883831801e+01 8.930226718065062963e-01
1.132077821459603229e+01 8.948284677125416531e-01
1.135145783035374478e+01 8.967176532014252688e-01
1.138213744611145728e+01 8.986817025983262486e-01
1.141281706186916978e+01 9.006911395883625548e-01
1.144349667762688227e+01 9.027402780936131244e-01
1.147417629338459477e+01 9.048233903439800718e-01
1.150485590914230905e+01 9.069437027759836845e-01
1.153553552490002154e+01 9.091195865482988303e-01
1.156621514065773404e+01 9.113533934402267001e-01
1.159689475641544654e+01 9.136703539983457301e-01
1.162757437217315903e+01 9.160847331651581493e-01
1.165825398793087331e+01 9.186067174931772383e-01
1.168893360368858581e+01 9.212462480619881822e-01
1.171961321944629830e+01 9.239834711840293480e-01
1.175029283520401080e+01 9.268175881315496856e-01
1.178097245096172330e+01 9.297373781302089579e-01
1.181165206671943579e+01 9.327293253341364387e-01
1.184233168247715007e+01 9.357899476597866251e-01
1.187301129823486256e+01 9.388864028247787541e-01
1.190369091399257506e+01 9.420168229016853134e-01
1.193437052975028756e+01 9.451714696999744536e-01
1.196505014550800006e+01 9.483544609676514137e-01
1.199572976126571433e+01 9.515426091797870578e-01
1.202640937702342683e+01 9.547477357328616465e-01
1.205708899278113932e+01 9.579728428974896293e-01
1.208776860853885182e+01 9.612229244990385668e-01
1.211844822429656432e+01 9.645116962857666065e-01
1.214912784005427859e+01 9.678175215980734380e-01
1.217980745581199109e+01 9.711473138249505643e-01
1.221048707156970359e+01 9.744960888218265893e-01
1.224116668732741608e+01 9.778556021538418186e-01
1.227184630308512858e+01 9.812300782569258750e-01
1.230252591884284108e+01 9.845948438964856608e-01
1.233320553460055535e+01 9.879611080398704726e-01
1.236388515035826785e+01 9.913316185951417392e-01
1.239456476611598035e+01 9.947108691081819609e-01
1.242524438187369284e+01 9.981126721232721488e-01
1.245592399763140534e+01 1.001515167489158697e+00
1.248660361338911962e+01 1.004925401945402141e+00
1.251728322914683211e+01 1.008338134447440693e+00
1.254796284490454461e+01 1.011735885103435040e+00
1.257864246066225711e+01 1.015124616041051642e+00
1.260932207641996960e+01 1.018459865844355106e+00
1.264000169217768210e+01 1.021747677761336348e+00
1.267068130793539638e+01 1.024970536419923528e+00
1.270136092369310887e+01 1.028111000088130167e+00
1.273204053945082137e+01 1.031171402087204481e+00
1.276272015520853387e+01 1.034124377651348681e+00
1.279339977096624636e+01 1.036982478663305063e+00
1.282407938672396064e+01 1.039748141783666480e+00
1.285475900248167314e+01 1.042443897693625887e+00
1.288543861823938563e+01 1.045090767455270298e+00
1.291611823399709813e+01 1.047686526429072895e+00
1.294679784975481063e+01 1.050254819995761313e+00
1.297747746551252312e+01 1.052778146593456920e+00
1.300815708127023740e+01 1.055249043434549172e+00
1.303883669702794990e+01 1.057652743312024191e+00
1.306951631278566239e+01 1.059946157038787584e+00
1.310019592854337489e+01 1.062122211218345269e+00
1.313087554430108739e+01 1.064170866964730733e+00
1.316155516005880166e+01 1.066092192026483643e+00
1.319223477581651416e+01 1.067904439856214305e+00
1.322291439157422666e+01 1.069615764112898715e+00
1.325359400733193915e+01 1.071244681822510092e+00
1.328427362308965165e+01 1.072818646787172758e+00
1.331495323884736415e+01 1.074340180981925519e+00
1.334563285460507842e+01 1.075819027685627205e+00
1.337631247036279092e+01 1.077245559541522679e+00
1.340699208612050342e+01 1.078622144906547176e+00
1.343767170187821591e+01 1.079941283272939589e+00
1.346835131763592841e+01 1.081185525747776266e+00
1.349903093339364268e+01 1.082361088210590738e+00
1.352971054915135518e+01 1.083440340184359529e+00
1.356039016490906768e+01 1.084429682842344533e+00
1.359106978066678018e+01 1.085324119012924138e+00
1.362174939642449267e+01 1.086121134347858730e+00
1.365242901218220695e+01 1.086825576463555265e+00
1.368310862793991944e+01 1.087435144033198853e+00
1.371378824369763194e+01 1.087947303742509142e+00
1.374446785945534444e+01 1.088372055057606591e+00
1.377514747521305694e+01 1.088695355677491872e+00
1.380582709097076943e+01 1.088925116923570746e+00
1.383650670672848371e+01 1.089057509830709591e+00
1.386718632248619620e+01 1.089102479951526981e+00
1.389786593824390870e+01 1.089055052701414006e+00
1.392854555400162120e+01 1.088929703231259705e+00
1.395922516975933370e+01 1.088729766339367799e+00
1.398990478551704797e+01 1.088444942324387377e+00
1.402058440127476047e+01 1.088075187997665783e+00
1.405126401703247296e+01 1.087598059669934614e+00
1.408194363279018546e+01 1.086998969583945041e+00
1.411262324854789796e+01 1.086274341164929380e+00
1.414330286430561046e+01 1.085404905067395731e+00
1.417398248006332473e+01 1.084388080668911014e+00
1.420466209582103723e+01 1.083233926036700545e+00
1.423534171157874972e+01 1.081953108033439248e+00
1.426602132733646222e+01 1.080561470105006361e+00
1.429670094309417472e+01 1.079079952077299565e+00
1.432738055885188899e+01 1.077520987888959558e+00
1.435806017460960149e+01 1.075902101535259003e+00
1.438873979036731399e+01 1.074237803105127176e+00
1.441941940612502648e+01 1.072543906430087901e+00
1.445009902188273898e+01 1.070815055118660153e+00
1.448077863764045148e+01 1.069053726422107609e+00
1.451145825339816575e+01 1.067257444283934875e+00
1.454213786915587825e+01 1.065407668641543681e+00
1.457281748491359075e+01 1.063518895090151073e+00
1.460349710067130324e+01 1.061580183214907658e+00
1.463417671642901574e+01 1.059589011156846672e+00
1.466485633218673001e+01 1.057552898148844900e+00
1.469553594794444251e+01 1.055477538092730150e+00
1.472621556370215501e+01 1.053376422707912763e+00
1.475689517945986751e+01 1.051252833669308773e+00
1.478757479521758000e+01 1.049099269260785450e+00
1.481825441097529250e+01 1.046908255828556067e+00
1.484893402673300677e+01 1.044672475704090608e+00
1.487961364249071927e+01 1.042396472369388150e+00
1.491029325824843177e+01 1.040085507827377853e+00
1.494097287400614427e+01 1.037742072001810900e+00
1.497165248976385676e+01 1.035391140645945729e+00
1.500233210552157104e+01 1.033045081628057638e+00
1.503301172127928353e+01 1.030734133312574130e+00
1.506369133703699603e+01 1.028465640551336158e+00
1.509437095279470853e+01 1.026237109943576531e+00
1.512505056855242103e+01 1.024043534267994549e+00
1.515573018431013530e+01 1.021865371367053799e+00
1.518640980006784780e+01 1.019701810483825799e+00
1.521708941582556029e+01 1.017543244684586234e+00
1.524776903158327279e+01 1.015399663754197990e+00
1.527844864734098529e+01 1.013269180254743773e+00
1.530912826309869779e+01 1.011175615026235208e+00
1.533980787885641206e+01 1.009129486719451796e+00
1.537048749461412456e+01 1.007130814683119047e+00
1.540116711037183705e+01 1.005177094437233132e+00
1.543184672612954955e+01 1.003247842173599080e+00
1.546252634188726205e+01 1.001338615001101884e+00
1.549320595764497632e+01 9.994343784719443846e-01
1.552388557340268882e+01 9.975211496651644749e-01
1.555456518916040132e+01 9.955964338982759010e-01
1.558524480491811381e+01 9.936554194091634651e-01
1.561592442067582631e+01 9.917172123724308230e-01
1.564660403643353881e+01 9.897854977557737355e-01
1.567728365219125308e+01 9.878682716049212997e-01
1.570796326794896558e+01 9.859730191314263203e-01
1.573864288370667808e+01 9.840994357079956290e-01
1.576932249946439057e+01 9.822649328285869563e-01
1.580000211522210307e+01 9.804688793048756956e-01
1.583068173097981735e+01 9.787182924350522617e-01
1.586136134673752984e+01 9.770218872610111349e-01
1.589204096249524234e+01 9.753831601788868211e-01
1.592272057825295484e+01 9.738179977318328628e-01
1.595340019401066733e+01 9.723237409598611825e-01
1.598407980976837983e+01 9.708941907858739118e-01
1.601475942552609411e+01 9.695195679214612117e-01
1.604543904128380660e+01 9.681795799359622645e-01
1.607611865704151910e+01 9.668672067718748764e-01
1.610679827279923160e+01 9.655628234341628868e-01
1.613747788855694409e+01 9.642589397363299231e-01
1.616815750431465659e+01 9.629538077969074239e-01
1.619883712007236909e+01 9.616519601820141538e-01
1.622951673583008159e+01 9.603793320659347321e-01
1.626019635158779764e+01 9.591548956096760392e-01
1.629087596734551013e+01 9.580021529858943063e-01
1.632155558310322263e+01 9.569450303574126293e-01
1.635223519886093513e+01 9.559965492294648648e-01
1.638291481461864763e+01 9.551679023148946790e-01
1.641359443037636012e+01 9.544478807138054854e-01
1.644427404613407262e+01 9.538187821810618638e-01
1.647495366189178512e+01 9.532513569531251285e-01
1.650563327764949761e+01 9.527154271258059248e-01
1.653631289340721011e+01 9.521872734204172017e-01
1.656699250916492261e+01 9.516481316386165012e-01
1.659767212492263866e+01 9.510927546115388598e-01
1.662835174068035116e+01 9.505281381601172752e-01
1.665903135643806365e+01 9.499689599440838128e-01
1.668971097219577615e+01 9.494405787158036736e-01
1.672039058795348865e+01 9.489616469290974576e-01
1.675107020371120115e+01 9.485476520557862834e-01
1.678174981946891364e+01 9.482055626597111209e-01
1.681242943522662614e+01 9.479363022470524980e-01
1.684310905098433864e+01 9.477302038606172374e-01
1.687378866674205113e+01 9.475738077737743126e-01
1.690446828249976363e+01 9.474508770766295607e-01
1.693514789825747968e+01 9.473486095816555652e-01
1.696582751401519218e+01 9.472586785262960829e-01
1.699650712977290468e+01 9.471789852527499054e-01
1.702718674553061717e+01 9.471155274155962367e-01
1.705786636128832967e+01 9.470805383503227981e-01
1.708854597704604217e+01 9.470911115729618857e-01
1.711922559280375467e+01 9.471656300481232638e-01
1.714990520856146716e+01 9.473215422453356016e-01
1.718058482431917966e+01 9.475703769138592580e-01
1.721126444007689216e+01 9.479185963311659302e-01
1.724194405583460465e+01 9.483635087792359197e-01
1.727262367159232070e+01 9.488919591672060339e-01
1.730330328735003320e+01 9.494870685578454816e-01
1.733398290310774570e+01 9.501268934434766722e-01
1.736466251886545820e+01 9.507894405540000538e-01
1.739534213462317069e+01 9.514596630312073255e-01
1.742602175038088319e+01 9.521244709630518610e-01
1.745670136613859569e+01 9.527887800817488317e-01
1.748738098189630819e+01 9.534643312300294937e-01
1.751806059765402068e+01 9.541708425909247726e-01
1.754874021341173318e+01 9.549303286887479425e-01
1.757941982916944923e+01 9.557533282431254218e-01
1.761009944492716173e+01 9.566479838133888913e-01
1.764077906068487422e+01 9.576088441970196374e-01
1.767145867644258672e+01 9.586218854476765694e-01
1.770213829220029922e+01 9.596723271303294611e-01
1.773281790795801172e+01 9.607356237160944445e-01
1.776349752371572421e+01 9.618041637535191812e-01
1.779417713947343671e+01 9.628752019293373987e-01
1.782485675523114921e+01 9.639544786856560910e-01
1.785553637098886171e+01 9.650568419947113119e-01
1.788621598674657420e+01 9.661888634328164027e-01
1.791689560250429025e+01 9.673660812622167926e-01
1.794757521826200275e+01 9.685975052997833901e-01
1.797825483401971525e+01 9.698866021461052256e-01
1.800893444977742774e+01 9.712358145473021231e-01
1.803961406553514024e+01 9.726291545971769148e-01
1.807029368129285274e+01 9.740569559331323513e-01
1.810097329705056524e+01 9.755019922649874609e-01
1.813165291280827773e+01 9.769457840644873992e-01
1.816233252856599023e+01 9.783712148450319779e-01
1.819301214432370273e+01 9.797527767155377321e-01
1.822369176008141523e+01 9.810833926237265690e-01
1.825437137583913128e+01 9.823593095798895947e-01
1.828505099159684377e+01 9.835857908611473910e-01
1.831573060735455627e+01 9.847794189616683180e-01
1.834641022311226877e+01 9.859511415252198985e-01
1.837708983886998126e+01 9.871261108485792635e-01
1.840776945462769376e+01 9.883248065415608519e-01
1.843844907038540626e+01 9.895675615156213079e-01
1.846912868614311876e+01 9.908565049019609772e-01
1.849980830190083125e+01 9.921986263573445708e-01
1.853048791765854375e+01 9.935894522606278922e-01
1.856116753341625625e+01 9.950177385060320345e-01
1.859184714917397230e+01 9.964749957289784632e-01
1.862252676493168480e+01 9.979362722060769464e-01
1.865320638068939729e+01 9.993945509004259486e-01
1.868388599644710979e+01 1.000841339620726522e+00
1.871456561220482229e+01 1.002277889822294155e+00
1.874524522796253478e+01 1.003707080928243789e+00
1.877592484372024728e+01 1.005118639007695158e+00
1.880660445947795978e+01 1.006525203726965412e+00
1.883728407523567228e+01 1.007926772492444112e+00
1.886796369099338477e+01 1.009313358998479515e+00
1.889864330675109727e+01 1.010684379682275091e+00
1.892932292250881332e+01 1.012015959460059511e+00
1.896000253826652582e+01 1.013300101696020361e+00
1.899068215402423832e+01 1.014529284998365366e+00
1.902136176978195081e+01 1.015701039904538527e+00
1.905204138553966331e+01 1.016808928946972168e+00
1.908272100129737581e+01 1.017868189211957874e+00
1.911340061705508830e+01 1.018875019597026421e+00
1.914408023281280080e+01 1.019849372214738592e+00
1.917475984857051330e+01 1.020781280416677816e+00
1.920543946432822580e+01 1.021686115156505981e+00
1.923611908008593829e+01 1.022553014292218565e+00
1.926679869584365434e+01 1.023379964847251467e+00
1.929747831160136684e+01 1.024164445426940517e+00
1.932815792735907934e+01 1.024906482445085087e+00
1.935883754311679184e+01 1.025613325459408420e+00
1.938951715887450433e+01 1.026287867490553340e+00
1.942019677463221683e+01 1.026944930922497834e+00
1.945087639038992933e+01 1.027594500122262167e+00
1.948155600614764182e+01 1.028234082864315724e+00
1.951223562190535432e+01 1.028863204896009798e+00
1.954291523766306682e+01 1.029470286636821497e+00
1.957359485342077932e+01 1.030047403187312582e+00
1.960427446917849537e+01 1.030574561318946536e+00
1.963495408493620786e+01 1.031051785848763558e+00
1.966563370069392036e+01 1.031480419886495747e+00
1.969631331645163286e+01 1.031862651816223719e+00
1.972699293220934535e+01 1.032212419422582128e+00
1.975767254796705785e+01 1.032552195970970699e+00
1.978835216372477035e+01 1.032894466321685023e+00
1.981903177948248285e+01 1.033257906301201068e+00
1.984971139524019534e+01 1.033650154967843182e+00
1.988039101099790784e+01 1.034067377755427675e+00
1.991107062675562034e+01 1.034509576623432014e+00
1.994175024251333639e+01 1.034955711905318987e+00
1.997242985827104889e+01 1.035390374444115746e+00
2.000310947402876138e+01 1.035775100295092566e+00
2.003378908978647388e+01 1.036099884500996993e+00
2.006446870554418638e+01 1.036332262998013620e+00
2.009514832130189887e+01 1.036457515739837687e+00
2.012582793705961137e+01 1.036467404449796126e+00
2.015650755281732387e+01 1.036362448950827631e+00
2.018718716857503637e+01 1.036155086727057917e+00
2.021786678433274886e+01 1.035850329992785257e+00
2.024854640009046136e+01 1.035469342539434789e+00
2.027922601584817741e+01 1.035034591118998648e+00
2.030990563160588991e+01 1.034552405069835590e+00
2.034058524736360241e+01 1.034035248680434282e+00
2.037126486312131490e+01 1.033488126626745496e+00
2.040194447887902740e+01 1.032926666926532899e+00
2.043262409463673990e+01 1.032352046753983066e+00
2.046330371039445239e+01 1.031774931412089646e+00
2.049398332615216489e+01 1.031207808221780153e+00
2.052466294190987739e+01 1.030653169942671532e+00
2.055534255766758989e+01 1.030126806878377987e+00
2.058602217342530594e+01 1.029627156925830178e+00
2.061670178918301843e+01 1.029152473337093365e+00
2.064738140494073093e+01 1.028695277108782280e+00
2.067806102069844343e+01 1.028233087228891618e+00
2.070874063645615593e+01 1.027754324931835717e+00
2.073942025221386842e+01 1.027244638824524658e+00
2.077009986797158092e+01 1.026697502354578573e+00
2.080077948372929342e+01 1.026110392615929623e+00
2.083145909948700591e+01 1.025485832665167019e+00
2.086213871524471841e+01 1.024831655074463832e+00
2.089281833100243091e+01 1.024162092478529074e+00
2.092349794676014696e+01 1.023480045646130154e+00
2.095417756251785946e+01 1.022790504295201242e+00
2.098485717827557195e+01 1.022098465929777600e+00
2.101553679403328445e+01 1.021394143070560423e+00
2.104621640979099695e+01 1.020679608463455956e+00
2.107689602554870945e+01 1.019947594830148851e+00
2.110757564130642194e+01 1.019190601032911703e+00
2.113825525706413444e+01 1.018401151365450508e+00
2.116893487282184694e+01 1.017571514587200188e+00
2.119961448857955943e+01 1.016704564634702157e+00
2.123029410433727193e+01 1.015782677157943237e+00
2.126097372009498798e+01 1.014808334622390396e+00
2.129165333585270048e+01 1.013786554204905821e+00
2.132233295161041298e+01 1.012718827373472852e+00
2.135301256736812547e+01 1.011627052773626412e+00
2.138369218312583797e+01 1.010535278173779306e+00
2.141437179888355047e+01 1.009450996684408741e+00
2.144505141464126297e+01 1.008394173583611053e+00
2.147573103039897546e+01 1.007363991764723909e+00
2.150641064615668796e+01 1.006367162756111489e+00
2.153709026191440046e+01 1.005395308478444383e+00
2.156776987767211295e+01 1.004433444388944441e+00
2.159844949342982900e+01 1.003473452322715342e+00
2.162912910918754150e+01 1.002514085004365674e+00
2.165980872494525400e+01 1.001549726457335199e+00
2.169048834070296650e+01 1.000587865539849908e+00
2.172116795646067899e+01 9.996297507082516631e-01
2.175184757221839149e+01 9.986843228334482125e-01
2.178252718797610399e+01 9.977639607073711669e-01
2.181320680373381649e+01 9.968733102378800615e-01
2.184388641949152898e+01 9.960176287723250255e-01
2.187456603524924148e+01 9.951986566486399344e-01
2.190524565100695398e+01 9.944131299146257152e-01
2.193592526676467003e+01 9.936603993999505446e-01
2.196660488252238252e+01 9.929311359286913108e-01
2.199728449828009502e+01 9.922143621696611904e-01
2.202796411403780752e+01 9.915005849038598384e-01
2.205864372979552002e+01 9.907817226346898876e-01
2.208932334555323251e+01 9.900609522920287286e-01
2.212000296131094501e+01 9.893411814895408662e-01
2.215068257706865751e+01 9.886314030826380828e-01
2.218136219282637001e+01 9.879443466590185352e-01
2.221204180858408250e+01 9.872891668924653752e-01
2.224272142434179500e+01 9.866778546615756484e-01
2.227340104009951105e+01 9.861117322048121858e-01
2.230408065585722355e+01 9.855868309612700884e-01
2.233476027161493604e+01 9.850983824836547775e-01
2.236543988737264854e+01 9.846361786491164558e-01
2.239611950313036104e+01 9.841967312760865338e-01
2.242679911888807354e+01 9.837740121404021654e-01
2.245747873464578603e+01 9.833655331339914429e-01
2.248815835040349853e+01 9.829712852040983773e-01
2.251883796616121103e+01 9.825887930457144481e-01
2.254951758191892353e+01 9.822195436844856076e-01
2.258019719767663602e+01 9.818595328839411218e-01
2.261087681343435207e+01 9.815057673630045443e-01
2.264155642919206457e+01 9.811569953163508107e-01
2.267223604494977707e+01 9.808148663619759011e-01
2.270291566070748956e+01 9.804883463261193643e-01
2.273359527646520206e+01 9.801872963506468306e-01
2.276427489222291456e+01 9.799249646837618899e-01
2.279495450798062706e+01 9.797123152582125627e-01
2.282563412373833955e+01 9.795546341237876264e-01
2.285631373949605205e+01 9.794504721405985492e-01
2.288699335525376455e+01 9.793882634734676351e-01
2.291767297101147705e+01 9.793505332359712101e-01
2.294835258676919310e+01 9.793170517375646700e-01
2.297903220252690559e+01 9.792704268362784070e-01
2.300971181828461809e+01 9.792007141024415828e-01
2.304039143404233059e+01 9.791075260187476204e-01
2.307107104980004308e+01 9.790015999583452366e-01
2.310175066555775558e+01 9.789001253990354812e-01
2.313243028131546808e+01 9.788247211489095045e-01
2.316310989707318058e+01 9.787955102355724302e-01
2.319378951283089307e+01 9.788272391541492645e-01
2.322446912858860557e+01 9.789271494416567077e-01
2.325514874434631807e+01 9.790943580407196478e-01
2.328582836010403412e+01 9.793197512686740991e-01
2.331650797586174662e+01 9.795915790441672710e-01
2.334718759161945911e+01 9.798956270276945046e-01
2.337786720737717161e+01 9.802179055172357547e-01
2.340854682313488411e+01 9.805469930155814584e-01
2.343922643889259660e+01 9.808700161113295124e-01
2.346990605465030910e+01 9.811788068979353516e-01
2.350058567040802160e+01 9.814671153391764102e-01
2.353126528616573410e+01 9.817314509182683002e-01
2.356194490192344659e+01 9.819758353018224195e-01
2.359262451768115909e+01 9.822049310874333417e-01
2.362330413343887514e+01 9.824315319096094123e-01
2.365398374919658764e+01 9.826683745459149355e-01
2.368466336495430014e+01 9.829281897357694531e-01
2.371534298071201263e+01 9.832181976574158044e-01
2.374602259646972513e+01 9.835377535662481741e-01
2.377670221222743763e+01 9.838820259414291503e-01
2.380738182798515012e+01 9.842417869079692627e-01
2.383806144374286262e+01 9.846092881412520370e-01
2.386874105950057512e+01 9.849815028785737780e-01
2.389942067525828762e+01 9.853572594509204530e-01
2.393010029101600367e+01 9.857422538106981325e-01
2.396077990677371616e+01 9.861439868900011563e-01
2.399145952253142866e+01 9.865664426107544349e-01
2.402213913828914116e+01 9.870098287877286936e-01
2.405281875404685366e+01 9.874635270345357707e-01
2.408349836980456615e+01 9.879167259187742189e-01
2.411417798556227865e+01 9.883574337665461673e-01
2.414485760131999115e+01 9.887754223697747813e-01
2.417553721707770364e+01 9.891661903616768559e-01
2.420621683283541614e+01 9.895291882042590581e-01
2.423689644859312864e+01 9.898722102924947253e-01
2.426757606435084469e+01 9.902059895926117461e-01
2.429825568010855719e+01 9.905430131308342601e-01
2.432893529586626968e+01 9.908981903360515320e-01
2.435961491162398218e+01 9.912809542455337519e-01
2.439029452738169468e+01 9.917011750411727222e-01
2.442097414313940718e+01 9.921631106731657601e-01
2.445165375889711967e+01 9.926639950047941863e-01
2.448233337465483217e+01 9.931953392202905739e-01
2.451301299041254467e+01 9.937369754280874767e-01
2.454369260617025716e+01 9.942693716917656577e-01
2.457437222192796966e+01 9.947725444215221868e-01
2.460505183768568571e+01 9.952320287418890965e-01
2.463573145344339821e+01 9.956433775437750766e-01
2.466641106920111071e+01 9.960116233116215190e-01
2.469709068495882320e+01 9.963533962298343205e-01
2.472777030071653570e+01 9.966909232595116963e-01
2.475844991647424820e+01 9.970488885894221998e-01
2.478912953223196070e+01 9.974414227822784307e-01
2.481980914798967319e+01 9.978806451908133202e-01
2.485048876374738569e+01 9.983675716656650323e-01
2.488116837950509819e+01 9.988969543662158390e-01
2.491184799526281068e+01 9.994611723845296947e-01
2.494252761102052673e+01 1.000050798847728739e+00
2.497320722677823923e+01 1.000660648772763839e+00
2.500388684253595173e+01 1.001292229136244938e+00
2.503456645829366423e+01 1.001939292564988593e+00
2.506524607405137672e+01 1.002601009276858468e+00
2.509592568980908922e+01 1.003273058565067322e+00
2.512660530556680172e+01 1.003940111900798238e+00
2.515728492132451422e+01 1.004587181972560916e+00
2.518796453708222671e+01 1.005199292474360240e+00
2.521864415283993921e+01 1.005755711910611305e+00
2.524932376859765171e+01 1.006250330979657992e+00
2.528000338435536776e+01 1.006677539961850831e+00
2.531068300011308025e+01 1.007039799268436120e+00
2.534136261587079275e+01 1.007352119461225382e+00
2.537204223162850525e+01 1.007627857662000359e+00
2.540272184738621775e+01 1.007887686805826855e+00
2.543340146314393024e+01 1.008150012868041179e+00
2.546408107890164274e+01 1.008419833592946180e+00
2.549476069465935524e+01 1.008714622310244557e+00
2.552544031041706774e+01 1.009027943151979079e+00
2.555611992617478023e+01 1.009365230416679138e+00
2.558679954193249273e+01 1.009719994703128343e+00
2.561747915769020878e+01 1.010077257292320896e+00
2.564815877344792128e+01 1.010429526633237485e+00
2.567883838920563377e+01 1.010762887643444463e+00
2.570951800496334627e+01 1.011072659816042663e+00
2.574019762072105877e+01 1.011344978880992951e+00
2.577087723647877127e+01 1.011587320190426853e+00
2.580155685223648376e+01 1.011789715393416556e+00
2.583223646799419626e+01 1.011960163333850415e+00
2.586291608375190876e+01 1.012097557629078270e+00
2.589359569950962126e+01 1.012207484591076900e+00
2.592427531526733375e+01 1.012292431654648883e+00
2.595495493102504980e+01 1.012364893566752855e+00
2.598563454678276230e+01 1.012425059078374323e+00
2.601631416254047480e+01 1.012477523066026786e+00
2.604699377829818729e+01 1.012527489866935193e+00
2.607767339405589979e+01 1.012572461001059132e+00
2.610835300981361229e+01 1.012617431121876743e+00
2.613903262557132479e+01 1.012652523911249602e+00
2.616971224132903728e+01 1.012675004984254556e+00
2.620039185708674978e+01 1.012687496684481436e+00
2.623107147284446228e+01 1.012685002323058248e+00
2.626175108860217478e+01 1.012670023898077032e+00
2.629243070435989083e+01 1.012642457493964532e+00
2.632311032011760332e+01 1.012599981511189906e+00
2.635378993587531582e+01 1.012545018030190702e+00
2.638446955163302832e+01 1.012472571905752572e+00
2.641514916739074081e+01 1.012382303810900108e+00
2.644582878314845331e+01 1.012259868741342439e+00
2.647650839890616581e+01 1.012119956911148977e+00
2.650718801466387831e+01 1.011962561488287893e+00
2.653786763042159080e+01 1.011792679245222315e+00
2.656854724617930330e+01 1.011629773002884480e+00
2.659922686193701580e+01 1.011482390627292283e+00
2.662990647769473185e+01 1.011357478900017037e+00
2.666058609345244435e+01 1.011257545298200666e+00
2.669126570921015684e+01 1.011170097734335860e+00
2.672194532496786934e+01 1.011092370816459640e+00
2.675262494072558184e+01 1.011004920790855133e+00
2.678330455648329433e+01 1.010907481447543610e+00
2.681398417224100683e+01 1.010782564445272591e+00
2.684466378799871933e+01 1.010635173982742163e+00
2.687534340375643183e+01 1.010464731377403114e+00
2.690602301951414432e+01 1.010274846286632000e+00
2.693670263527186037e+01 1.010069981115315763e+00
2.696738225102957287e+01 1.009850127191319169e+00
2.699806186678728537e+01 1.009625279477943449e+00
2.702874148254499787e+01 1.009379665572316620e+00
2.705942109830271036e+01 1.009132321317306014e+00
2.709010071406042286e+01 1.008872493603693243e+00
2.712078032981813536e+01 1.008597676198697446e+00
2.715145994557584785e+01 1.008312871840745251e+00
2.718213956133356035e+01 1.008017110185556842e+00
2.721281917709127285e+01 1.007714806355104464e+00
2.724349879284898535e+01 1.007405012189472648e+00
2.727417840860670140e+01 1.007100214507327562e+00
2.730485802436441389e+01 1.006800410185364036e+00
2.733553764012212639e+01 1.006504647506999639e+00
2.736621725587983889e+01 1.006217339806978694e+00
2.739689687163755138e+01 1.005932529041801304e+00
2.742757648739526388e+01 1.005650216361916760e+00
2.745825610315297638e+01 1.005355421810093297e+00
2.748893571891068888e+01 1.005039607324679007e+00
2.751961533466840137e+01 1.004702315184778261e+00
2.755029495042611387e+01 1.004332560858056445e+00
2.758097456618382637e+01 1.003930333456384716e+00
2.761165418194154242e+01 1.003495649213531848e+00
2.764233379769925492e+01 1.003036982575939762e+00
2.767301341345696741e+01 1.002567296832003629e+00
2.770369302921467991e+01 1.002102605583556016e+00
2.773437264497239241e+01 1.001652900969460136e+00
2.776505226073010490e+01 1.001229658553120405e+00
2.779573187648781740e+01 1.000848160209099724e+00
2.782641149224552990e+01 1.000521146682092244e+00
2.785709110800324240e+01 1.000245329941078509e+00
2.788777072376095489e+01 1.000018216710922392e+00
2.791845033951866739e+01 9.998244708370341849e-01
2.794912995527638344e+01 9.996543321723927455e-01
2.797980957103409594e+01 9.994824420126273701e-01
2.801048918679180844e+01 9.992965655132484137e-01
2.804116880254952093e+01 9.990857144189593253e-01
2.807184841830723343e+01 9.988463281140982364e-01
2.810252803406494593e+01 9.985789870094233800e-01
2.813320764982265842e+01 9.982911739378382832e-01
2.816388726558037092e+01 9.979861266182930013e-01
2.819456688133808342e+01 9.976755852320582374e-01
2.822524649709579592e+01 9.973600225338941083e-01
2.825592611285350841e+01 9.970449846185572840e-01
2.828660572861122446e+01 9.967331929471373586e-01
2.831728534436893696e+01 9.964276459595829971e-01
2.834796496012664946e+01 9.961323372730480630e-01
2.837864457588436196e+01 9.958488641354635851e-01
2.840932419164207445e+01 9.955833053636614638e-01
2.844000380739978695e+01 9.953364719405797256e-01
2.847068342315749945e+01 9.951103721664695811e-01
2.850136303891521194e+01 9.949077440996723087e-01
2.853204265467292444e+01 9.947315478418595758e-01
2.856272227043063694e+01 9.945861687528263495e-01
2.859340188618834944e+01 9.944742452845291014e-01
2.862408150194606549e+01 9.943975462451347669e-01
2.865476111770377798e+01 9.943543047771762344e-01
2.868544073346149048e+01 9.943387523219400226e-01
2.871612034921920298e+01 9.943405046398871017e-01
2.874679996497691548e+01 9.943474999920143276e-01
2.877747958073462797e+01 9.943472501662805607e-01
2.880815919649234047e+01 9.943280255852613436e-01
2.883883881225005297e+01 9.942834096066488492e-01
2.886951842800776546e+01 9.942119428251550151e-01
2.890019804376547796e+01 9.941167560694248451e-01
2.893087765952319046e+01 9.940045816846423410e-01
2.896155727528090651e+01 9.938849166542381708e-01
2.899223689103861901e+01 9.937653666154629972e-01
2.902291650679633150e+01 9.936544466351943106e-01
2.905359612255404400e+01 9.935552625353912815e-01
2.908427573831175650e+01 9.934700673716262420e-01
2.911495535406946900e+01 9.933948594334290894e-01
2.914563496982718149e+01 9.933254196946966763e-01
2.917631458558489399e+01 9.932549632984875032e-01
2.920699420134260649e+01 9.931777645910840890e-01
2.923767381710031898e+01 9.930898250519599735e-01
2.926835343285803148e+01 9.929906505468677480e-01
2.929903304861574753e+01 9.928826321230155294e-01
2.932971266437346003e+01 9.927732076135382666e-01
2.936039228013117253e+01 9.926705258376715690e-01
2.939107189588888502e+01 9.925848284992679904e-01
2.942175151164659752e+01 9.925240959500805094e-01
2.945243112740431002e+01 9.924967588718170974e-01
2.948311074316202252e+01 9.925055159222759826e-01
2.951379035891973501e+01 9.925509857111025624e-01
2.954446997467744751e+01 9.926324202910818961e-01
2.957514959043516001e+01 9.927462273567996265e-01
2.960582920619287250e+01 9.928869055443823033e-01
2.963650882195058855e+01 9.930503022276716552e-01
2.966718843770830105e+01 9.932319315489732681e-01
2.969786805346601355e+01 9.934262976025778347e-01
2.972854766922372605e+01 9.936283124896180263e-01
2.975922728498143854e+01 9.938294201978484788e-01
2.978990690073915104e+01 9.940207890554862979e-01
2.982058651649686354e+01 9.941944236886426367e-01
2.985126613225457604e+01 9.943420870045801552e-01
2.988194574801228853e+01 9.944591259187960386e-01
2.991262536377000103e+01 9.945435435810706659e-01
2.994330497952771708e+01 9.945962540549899700e-01
2.997398459528542958e+01 9.946212374554441737e-01
3.000466421104314207e+01 9.946269932968565541e-01
3.003534382680085457e+01 9.946192328690028894e-01
3.006602344255856707e+01 9.946072429366883405e-01
3.009670305831627957e+01 9.945980002988582536e-01
3.012738267407399206e+01 9.946009983069127314e-01
3.015806228983170456e+01 9.946227232835126442e-01
3.018874190558941706e+01 9.946703561289764739e-01
3.021942152134712956e+01 9.947480767618079867e-01
3.025010113710484205e+01 9.948575052132737628e-01
3.028078075286255810e+01 9.949981617578308457e-01
3.031146036862027060e+01 9.951667821565038929e-01
3.034213998437798310e+01 9.953597774160427569e-01
3.037281960013569559e+01 9.955726479586790578e-01
3.040349921589340809e+01 9.958042440808891893e-01
3.043417883165112059e+01 9.960538277916894945e-01
3.046485844740883309e+01 9.963223862456391799e-01
3.049553806316654558e+01 9.966093710228856040e-01
3.052621767892425808e+01 9.969084265013122836e-01
3.055689729468197058e+01 9.972147229908803201e-01
3.058757691043968308e+01 9.975170224888600945e-01
3.061825652619739913e+01 9.978063400434575847e-01
3.064893614195511162e+01 9.980740328372872394e-01
3.067961575771282412e+01 9.983141094570767704e-01
3.071029537347053662e+01 9.985272178629508444e-01
3.074097498922824911e+01 9.987160960248905317e-01
3.077165460498596161e+01 9.988874964089606845e-01
3.080233422074367411e+01 9.990459194316951841e-01
3.083301383650138661e+01 9.991978172670303859e-01
3.086369345225909910e+01 9.993469681677417116e-01
3.089437306801681160e+01 9.994938710422953676e-01
3.092505268377452410e+01 9.996435191985418856e-01
3.095573229953224015e+01 9.997959101825336647e-01
3.098641191528995265e+01 9.999480000000000590e-01
3.101709153104766514e+01 9.999480000000000590e-01
3.104777114680537764e+01 9.999480000000000590e-01
3.107845076256309014e+01 9.999480000000000590e-01
3.110913037832080263e+01 9.999480000000000590e-01
3.113980999407851513e+01 9.999480000000000590e-01
3.117048960983622763e+01 9.999480000000000590e-01
3.120116922559394013e+01 9.999480000000000590e-01
3.123184884135165262e+01 9.999480000000000590e-01
3.126252845710936512e+01 9.999480000000000590e-01
3.129320807286708117e+01 9.999480000000000590e-01
3.132388768862479367e+01 9.999480000000000590e-01
3.135456730438250617e+01 9.999480000000000590e-01
3.138524692014021866e+01 9.999480000000000590e-01
3.141592653589793116e+01 9.999480000000000590e-01
