# Description:
#    Intra-molecular correlation functions (form factors) for a single grafted 
#    particle in a vaccuum with athermal, hard-sphere interactions. These data
#    were calculated from MD simulations using the Debye method.
# 
# Source:
#   Coarse Grained MD Simulation
#
# Diameter: 5d
# Grafting Density:  0.32 chains/d^2
# Graft Length: 20
# Graft Type: Linear
# Sidechain Spacing: 2
# Sidechain Length: 3
# dr: 0.1 d
# dk: 0.031 d^-1
# length: 1024
# Omega Pair: Graft-Particle
# 
# k                      Graft-Particle Omega(k)
# 
3.067961575771282340e-02 9.850147286572146221e-01
6.135923151542564680e-02 9.434611821929277387e-01
9.203884727313846326e-02 8.774523675828376224e-01
1.227184630308512936e-01 7.915152382525657559e-01
1.533980787885641239e-01 6.913494724462246888e-01
1.840776945462769543e-01 5.832723260423795519e-01
2.147573103039897569e-01 4.736391846195971422e-01
2.454369260617025872e-01 3.683055038556244387e-01
2.761165418194154175e-01 2.721461860780346464e-01
3.067961575771282479e-01 1.887461481440888822e-01
3.374757733348410782e-01 1.202412561234260241e-01
3.681553890925539085e-01 6.730576823639239370e-02
3.988350048502666834e-01 2.931912109474603748e-02
4.295146206079795137e-01 4.617037972314243927e-03
4.601942363656923440e-01 -9.168055505670687222e-03
4.908738521234051744e-01 -1.475007309452114335e-02
5.215534678811180047e-01 -1.485820577471160323e-02
5.522330836388308350e-01 -1.195828936797249144e-02
5.829126993965436654e-01 -8.058348212205792768e-03
6.135923151542564957e-01 -4.603975491051496942e-03
6.442719309119693261e-01 -2.461449824795721841e-03
6.749515466696821564e-01 -1.972287227944097710e-03
7.056311624273949867e-01 -3.060172197699113049e-03
7.363107781851078171e-01 -5.364098342518578907e-03
7.669903939428205364e-01 -8.375693395611245179e-03
7.976700097005333667e-01 -1.156057591429424103e-02
8.283496254582461971e-01 -1.445218969870722125e-02
8.590292412159590274e-01 -1.671071129127343902e-02
8.897088569736718577e-01 -1.814681830496461812e-02
9.203884727313846881e-01 -1.871724662285198168e-02
9.510680884890975184e-01 -1.849807254369205747e-02
9.817477042468103487e-01 -1.764645820960919487e-02
1.012427320004523068e+00 -1.635973740092495909e-02
1.043106935762235787e+00 -1.483777701335974898e-02
1.073786551519948729e+00 -1.325527787828856621e-02
1.104466167277661448e+00 -1.174436375345500397e-02
1.135145783035374389e+00 -1.038801143024674356e-02
1.165825398793087109e+00 -9.222792251004037489e-03
1.196505014550800050e+00 -8.247042121758906344e-03
1.227184630308512769e+00 -7.434095637705831656e-03
1.257864246066225711e+00 -6.742620028160030247e-03
1.288543861823938430e+00 -6.128667576010923823e-03
1.319223477581651371e+00 -5.553308350350269484e-03
1.349903093339364091e+00 -4.987372114072284937e-03
1.380582709097077032e+00 -4.413260502201750250e-03
1.411262324854789751e+00 -3.824401942356200294e-03
1.441941940612502693e+00 -3.223206734891345855e-03
1.472621556370215412e+00 -2.618264725986760213e-03
1.503301172127928131e+00 -2.021495500155939991e-03
1.533980787885641073e+00 -1.445666052003739821e-03
1.564660403643353792e+00 -9.025431605156701001e-04
1.595340019401066733e+00 -4.016979643186280552e-04
1.626019635158779453e+00 5.006042770054071984e-05
1.656699250916492394e+00 4.488000142595591495e-04
1.687378866674205113e+00 7.932602754534989363e-04
1.718058482431918055e+00 1.084466345580619752e-03
1.748738098189630774e+00 1.325272572725745687e-03
1.779417713947343715e+00 1.519897997946602830e-03
1.810097329705056435e+00 1.673476633076215929e-03
1.840776945462769376e+00 1.791635736098994881e-03
1.871456561220482095e+00 1.880127581564552692e-03
1.902136176978195037e+00 1.944479481373756653e-03
1.932815792735907756e+00 1.989701298810878354e-03
1.963495408493620697e+00 2.020035460499764075e-03
1.994175024251333417e+00 2.038809053292826249e-03
2.024854640009046136e+00 2.048292724589746878e-03
2.055534255766759077e+00 2.049776645864282310e-03
2.086213871524472019e+00 2.043618209041360261e-03
2.116893487282184960e+00 2.029424874876725477e-03
2.147573103039897902e+00 2.006329151943343162e-03
2.178252718797610399e+00 1.973226088405262944e-03
2.208932334555323340e+00 1.929085747882938176e-03
2.239611950313036282e+00 1.873205688555869839e-03
2.270291566070749223e+00 1.805383450191067399e-03
2.300971181828461720e+00 1.726046542246502651e-03
2.331650797586174662e+00 1.636284938716300224e-03
2.362330413343887603e+00 1.537763583306938058e-03
2.393010029101600544e+00 1.432612396242549180e-03
2.423689644859313042e+00 1.323228766201566247e-03
2.454369260617025983e+00 1.212077678757040797e-03
2.485048876374738924e+00 1.101488300279021126e-03
2.515728492132451422e+00 9.934985575659855631e-04
2.546408107890164363e+00 8.897496485135407288e-04
2.577087723647877304e+00 7.914325448627121395e-04
2.607767339405590246e+00 6.992977400650663951e-04
2.638446955163302743e+00 6.137059946031231481e-04
2.669126570921015684e+00 5.346975807445958524e-04
2.699806186678728626e+00 4.620732767454582206e-04
2.730485802436441567e+00 3.954593639667172483e-04
2.761165418194154064e+00 3.343496262389109410e-04
2.791845033951867006e+00 2.781390985674246771e-04
2.822524649709579947e+00 2.261183894021307178e-04
2.853204265467292888e+00 1.775522128276852275e-04
2.883883881225005386e+00 1.316123430096731006e-04
2.914563496982718327e+00 8.748894423362905666e-05
2.945243112740431268e+00 4.444988540415989551e-05
2.975922728498143766e+00 1.924627255492506928e-06
3.006602344255856707e+00 -4.041229644155515328e-05
3.037281960013569648e+00 -8.257173636877734825e-05
3.067961575771282590e+00 -1.242294365535457875e-04
3.098641191528995087e+00 -1.647563472622081175e-04
3.129320807286708028e+00 -2.033079383523891546e-04
3.160000423044420970e+00 -2.389684406804643078e-04
3.190680038802133911e+00 -2.709270350743213937e-04
3.221359654559846408e+00 -2.986591877470973298e-04
3.252039270317559350e+00 -3.220836928738998826e-04
3.282718886075272291e+00 -3.416630391105214331e-04
3.313398501832985232e+00 -3.584261814162903155e-04
3.344078117590697730e+00 -3.739033003742055715e-04
3.374757733348410671e+00 -3.899760625198500771e-04
3.405437349106123612e+00 -4.086598855943966626e-04
3.436116964863836554e+00 -4.318439563600663948e-04
3.466796580621549051e+00 -4.610314968537185254e-04
3.497476196379261992e+00 -4.971062773982484490e-04
3.528155812136974934e+00 -5.401678718401089303e-04
3.558835427894687431e+00 -5.894561545655856204e-04
3.589515043652400372e+00 -6.433962495866870019e-04
3.620194659410113314e+00 -6.996597297695087564e-04
3.650874275167826255e+00 -7.554938079172584696e-04
3.681553890925538752e+00 -8.079363605163583954e-04
3.712233506683251694e+00 -8.541450423151725809e-04
3.742913122440964635e+00 -8.916970114468933438e-04
3.773592738198677576e+00 -9.188286563390192724e-04
3.804272353956390074e+00 -9.345848279656645847e-04
3.834951969714103015e+00 -9.388585794133934466e-04
3.865631585471815956e+00 -9.323071657152216590e-04
3.896311201229528898e+00 -9.161630526613734208e-04
3.926990816987241395e+00 -8.919676826399483864e-04
3.957670432744954336e+00 -8.612739935487624329e-04
3.988350048502667278e+00 -8.253689362698983512e-04
4.019029664260379775e+00 -7.850574411452270395e-04
4.049709280018092272e+00 -7.405545443844471732e-04
4.080388895775804770e+00 -6.915005155619902925e-04
4.111068511533518155e+00 -6.370856400267257535e-04
4.141748127291230652e+00 -5.762719621354508992e-04
4.172427743048944038e+00 -5.080647677068487415e-04
4.203107358806656535e+00 -4.317680683973269904e-04
4.233786974564369032e+00 -3.471975898923903496e-04
4.264466590322082418e+00 -2.547937696820485763e-04
4.295146206079794915e+00 -1.556178894375429694e-04
4.325825821837507412e+00 -5.126006225872304593e-05
4.356505437595220798e+00 5.635037204922908579e-05
4.387185053352933295e+00 1.651611557963388965e-04
4.417864669110646680e+00 2.732425657051069825e-04
4.448544284868359178e+00 3.788059536821921530e-04
4.479223900626071675e+00 4.805035538180507356e-04
4.509903516383785060e+00 5.772761850809196051e-04
4.540583132141497558e+00 6.683191420510707853e-04
4.571262747899210055e+00 7.529682012311194597e-04
4.601942363656923440e+00 8.305763815760865620e-04
4.632621979414635938e+00 9.004272031355509999e-04
4.663301595172348435e+00 9.616976930491979644e-04
4.693981210930061820e+00 1.013492135505507591e-03
4.724660826687774318e+00 1.054928317526305928e-03
4.755340442445487703e+00 1.085267770687803075e-03
4.786020058203200200e+00 1.104037513455221470e-03
4.816699673960912698e+00 1.111129924627372043e-03
4.847379289718626083e+00 1.106835099434762097e-03
4.878058905476338580e+00 1.091828035399734125e-03
4.908738521234051078e+00 1.067076193062390646e-03
4.939418136991764463e+00 1.033719525596389112e-03
4.970097752749476960e+00 9.929314877151758194e-04
5.000777368507189458e+00 9.457800443762952964e-04
5.031456984264902843e+00 8.931574227278299546e-04
5.062136600022615340e+00 8.357251148175077679e-04
5.092816215780328726e+00 7.739398710459158065e-04
5.123495831538041223e+00 7.081054450397457215e-04
5.154175447295753720e+00 6.384450873319766828e-04
5.184855063053467106e+00 5.651608620458994968e-04
5.215534678811179603e+00 4.885806198617598630e-04
5.246214294568892100e+00 4.090412625531354446e-04
5.276893910326605486e+00 3.269767782425965952e-04
5.307573526084317983e+00 2.428558990910085580e-04
5.338253141842031368e+00 1.571453773504753845e-04
5.368932757599743866e+00 7.026109071965177199e-05
5.399612373357456363e+00 -1.745534174808537479e-05
5.430291989115169748e+00 -1.057348206220562166e-04
5.460971604872882246e+00 -1.943538669836539776e-04
5.491651220630594743e+00 -2.830925241431444476e-04
5.522330836388308128e+00 -3.716691496956522857e-04
5.553010452146020626e+00 -4.596925311110961181e-04
5.583690067903733123e+00 -5.466201883946806553e-04
5.614369683661446508e+00 -6.317388723383769505e-04
5.645049299419159006e+00 -7.141788674515925361e-04
5.675728915176872391e+00 -7.929329652788333089e-04
5.706408530934584888e+00 -8.669149574478703232e-04
5.737088146692297386e+00 -9.350106364633422153e-04
5.767767762450010771e+00 -9.961377918566837603e-04
5.798447378207723268e+00 -1.049308456236581165e-03
5.829126993965435766e+00 -1.093665903864841004e-03
5.859806609723149151e+00 -1.128516148947174237e-03
5.890486225480861648e+00 -1.153351944583350932e-03
5.921165841238574146e+00 -1.167833037194737807e-03
5.951845456996287531e+00 -1.171771916946638898e-03
5.982525072754000028e+00 -1.165102146575875026e-03
6.013204688511713414e+00 -1.147843248170888524e-03
6.043884304269425911e+00 -1.120019615805087788e-03
6.074563920027138408e+00 -1.081641244407148756e-03
6.105243535784851794e+00 -1.032681377894430945e-03
6.135923151542564291e+00 -9.730517700449696885e-04
6.166602767300276788e+00 -9.026686785154129341e-04
6.197282383057990174e+00 -8.214983667493312497e-04
6.227961998815702671e+00 -7.296638473087318274e-04
6.258641614573416057e+00 -6.275518750157137041e-04
6.289321230331128554e+00 -5.159169387756850625e-04
6.320000846088841051e+00 -3.959437568982281217e-04
6.350680461846554437e+00 -2.692820236215284812e-04
6.381360077604266934e+00 -1.379948371947344163e-04
6.412039693361979431e+00 -4.448884771167106690e-06
6.442719309119692817e+00 1.288482482556769311e-04
6.473398924877405314e+00 2.594584229581638896e-04
6.504078540635117811e+00 3.852032685899176457e-04
6.534758156392831197e+00 5.043450905186130147e-04
6.565437772150543694e+00 6.156901645330661085e-04
6.596117387908257079e+00 7.186129871048075983e-04
6.626797003665969577e+00 8.129840332941011940e-04
6.657476619423682074e+00 8.990257691803288246e-04
6.688156235181395459e+00 9.770966697146914702e-04
6.718835850939107956e+00 1.047476482077303300e-03
6.749515466696820454e+00 1.110153238866468063e-03
6.780195082454533839e+00 1.164710038366804316e-03
6.810874698212246336e+00 1.210212880815931917e-03
6.841554313969959722e+00 1.245348256217710314e-03
6.872233929727672219e+00 1.268503718113108292e-03
6.902913545485384716e+00 1.278011851111459209e-03
6.933593161243098102e+00 1.272395252972331400e-03
6.964272777000810599e+00 1.250586521281497497e-03
6.994952392758523096e+00 1.212153226492723116e-03
7.025632008516236482e+00 1.157357908661506415e-03
7.056311624273948979e+00 1.087225561491429781e-03
7.086991240031661476e+00 1.003389643058953456e-03
7.117670855789374862e+00 9.079648303230843055e-04
7.148350471547087359e+00 8.032957853315233218e-04
7.179030087304800745e+00 6.917366690470785678e-04
7.209709703062513242e+00 5.754371256234251143e-04
7.240389318820225739e+00 4.561953975257521761e-04
7.271068934577939125e+00 3.353931951427731079e-04
7.301748550335651622e+00 2.140077356716518515e-04
7.332428166093364119e+00 9.271655030923600389e-05
7.363107781851077505e+00 -2.796234236873809719e-05
7.393787397608790002e+00 -1.475021100742313713e-04
7.424467013366502499e+00 -2.652167905948880889e-04
7.455146629124215885e+00 -3.801478721532494187e-04
7.485826244881928382e+00 -4.910316781183640417e-04
7.516505860639641767e+00 -5.963110455717554386e-04
7.547185476397354265e+00 -6.942383111115367229e-04
7.577865092155066762e+00 -7.830082996033979397e-04
7.608544707912780147e+00 -8.609453192632924570e-04
7.639224323670492645e+00 -9.265608657771477741e-04
7.669903939428205142e+00 -9.788246691170038750e-04
7.700583555185918527e+00 -1.017132308399880088e-03
7.731263170943631025e+00 -1.041366081355858631e-03
7.761942786701344410e+00 -1.051827261341010868e-03
7.792622402459056907e+00 -1.049198842446206429e-03
7.823302018216769405e+00 -1.034416050073381447e-03
7.853981633974482790e+00 -1.008574346004310202e-03
7.884661249732195287e+00 -9.728244370736286546e-04
7.915340865489907785e+00 -9.283187784485268015e-04
7.946020481247621170e+00 -8.761555778178729652e-04
7.976700097005333667e+00 -8.173662962563906561e-04
8.007379712763047053e+00 -7.529288532935642098e-04
8.038059328520759550e+00 -6.837745135695804744e-04
8.068738944278472047e+00 -6.108107607711003471e-04
8.099418560036184545e+00 -5.349313114463597960e-04
8.130098175793897042e+00 -4.570148829067493916e-04
8.160777791551611315e+00 -3.779166938269645825e-04
8.191457407309323813e+00 -2.984512155167393620e-04
8.222137023067036310e+00 -2.193579246505876447e-04
8.252816638824748807e+00 -1.413036764000771015e-04
8.283496254582461304e+00 -6.485593284375324016e-05
8.314175870340175578e+00 9.510464872167109741e-06
8.344855486097888075e+00 8.140089778563323007e-05
8.375535101855600573e+00 1.504765468151105260e-04
8.406214717613313070e+00 2.164446101381372418e-04
8.436894333371025567e+00 2.789407892670164174e-04
8.467573949128738064e+00 3.376270106689093983e-04
8.498253564886452338e+00 3.920902828605005337e-04
8.528933180644164835e+00 4.418573696575708648e-04
8.559612796401877333e+00 4.864167887973570620e-04
8.590292412159589830e+00 5.252408131161226705e-04
8.620972027917302327e+00 5.578399671198072760e-04
8.651651643675016601e+00 5.838172734796804545e-04
8.682331259432729098e+00 6.029204995448786148e-04
8.713010875190441595e+00 6.150891537145922487e-04
8.743690490948154093e+00 6.204774836657324941e-04
8.774370106705866590e+00 6.194567261016072253e-04
8.805049722463580864e+00 6.125855621584784224e-04
8.835729338221293361e+00 6.005547595130253857e-04
8.866408953979005858e+00 5.841200603440366637e-04
8.897088569736718355e+00 5.640184371301334206e-04
8.927768185494430853e+00 5.409063669413291704e-04
8.958447801252143350e+00 5.153033349296195706e-04
8.989127417009857623e+00 4.875718347940876545e-04
9.019807032767570121e+00 4.579278670834992476e-04
9.050486648525282618e+00 4.264751859443335512e-04
9.081166264282995115e+00 3.932617942667733925e-04
9.111845880040707613e+00 3.583426893073179769e-04
9.142525495798421886e+00 3.218306105210624705e-04
9.173205111556134383e+00 2.839315388135711963e-04
9.203884727313846881e+00 2.449403871964436047e-04
9.234564343071559378e+00 2.052690972120761194e-04
9.265243958829271875e+00 1.653376185353038061e-04
9.295923574586984373e+00 1.255705289386385541e-04
9.326603190344698646e+00 8.633855532031948566e-05
9.357282806102411143e+00 4.792422774774263882e-05
9.387962421860123641e+00 1.050822208186781192e-05
9.418642037617836138e+00 -2.582188920918546991e-05
9.449321653375548635e+00 -6.104238836714707885e-05
9.480001269133262909e+00 -9.515461464919151965e-05
9.510680884890975406e+00 -1.281431672307401838e-04
9.541360500648687903e+00 -1.599439974910772146e-04
9.572040116406400401e+00 -1.904301099581389529e-04
9.602719732164112898e+00 -2.194102470007198058e-04
9.633399347921825395e+00 -2.466504210255698816e-04
9.664078963679539669e+00 -2.719043969525426719e-04
9.694758579437252166e+00 -2.949456831194078991e-04
9.725438195194964663e+00 -3.155975351097259872e-04
9.756117810952677161e+00 -3.337514546947495408e-04
9.786797426710389658e+00 -3.493694400379032867e-04
9.817477042468103932e+00 -3.624762365178886927e-04
9.848156658225816429e+00 -3.731355889567644591e-04
9.878836273983528926e+00 -3.814277429553917533e-04
9.909515889741241423e+00 -3.874276962019233979e-04
9.940195505498953921e+00 -3.911831998704348983e-04
9.970875121256666418e+00 -3.927108809261994991e-04
1.000155473701438069e+01 -3.919975524049210624e-04
1.003223435277209319e+01 -3.890003163139342155e-04
1.006291396852980569e+01 -3.837000231100813424e-04
1.009359358428751818e+01 -3.760635969272616832e-04
1.012427320004523068e+01 -3.660894632589100717e-04
1.015495281580294495e+01 -3.538066436591006487e-04
1.018563243156065745e+01 -3.392208229507376067e-04
1.021631204731836995e+01 -3.224978546339305591e-04
1.024699166307608245e+01 -3.036648677035728235e-04
1.027767127883379494e+01 -2.827793028460479736e-04
1.030835089459150922e+01 -2.598699215031849852e-04
1.033903051034922171e+01 -2.348461419482832135e-04
1.036971012610693421e+01 -2.078383919902144692e-04
1.040038974186464671e+01 -1.787284832830365964e-04
1.043106935762235921e+01 -1.475061851070500428e-04
1.046174897338007170e+01 -1.141185681315117596e-04
1.049242858913778598e+01 -7.895301613717520186e-05
1.052310820489549847e+01 -4.221563169013120781e-05
1.055378782065321097e+01 -4.381407119059511034e-06
1.058446743641092347e+01 3.392347269638533707e-05
1.061514705216863597e+01 7.207268060054999566e-05
1.064582666792635024e+01 1.090124324822134183e-04
1.067650628368406274e+01 1.440799089141534147e-04
1.070718589944177523e+01 1.765915574271702086e-04
1.073786551519948773e+01 2.060456443106875905e-04
1.076854513095720023e+01 2.322547663510083845e-04
1.079922474671491273e+01 2.550363614754397388e-04
1.082990436247262700e+01 2.747001592003756021e-04
1.086058397823033950e+01 2.916431518863757768e-04
1.089126359398805199e+01 3.063572908269577254e-04
1.092194320974576449e+01 3.193703619965636113e-04
1.095262282550347699e+01 3.309868008202761593e-04
1.098330244126119126e+01 3.414717456979420723e-04
1.101398205701890376e+01 3.508430192082988936e-04
1.104466167277661626e+01 3.589221578927676709e-04
1.107534128853432875e+01 3.653906662300492069e-04
1.110602090429204125e+01 3.697850526029535932e-04
1.113670052004975375e+01 3.716967340724175168e-04
1.116738013580746802e+01 3.707571083813364452e-04
1.119805975156518052e+01 3.667185507975271978e-04
1.122873936732289302e+01 3.594420920283983756e-04
1.125941898308060551e+01 3.489911253388286645e-04
1.129009859883831801e+01 3.354563681427863106e-04
1.132077821459603229e+01 3.189911919140757997e-04
1.135145783035374478e+01 2.997492011509941693e-04
1.138213744611145728e+01 2.777743641608660676e-04
1.141281706186916978e+01 2.532874786081161273e-04
1.144349667762688227e+01 2.262769250411016066e-04
1.147417629338459477e+01 1.968210112465479823e-04
1.150485590914230905e+01 1.650726293701103840e-04
1.153553552490002154e+01 1.311945465596788137e-04
1.156621514065773404e+01 9.582628875362795586e-05
1.159689475641544654e+01 5.943129542421730292e-05
1.162757437217315903e+01 2.268820042681520352e-05
1.165825398793087331e+01 -1.368310223117958079e-05
1.168893360368858581e+01 -4.912330732576052680e-05
1.171961321944629830e+01 -8.286391423897782646e-05
1.175029283520401080e+01 -1.146918420317655652e-04
1.178097245096172330e+01 -1.445232130695234490e-04
1.181165206671943579e+01 -1.725145194688806124e-04
1.184233168247715007e+01 -1.990927562079367074e-04
1.187301129823486256e+01 -2.245176233246520717e-04
1.190369091399257506e+01 -2.492914130490038634e-04
1.193437052975028756e+01 -2.736885646718633714e-04
1.196505014550800006e+01 -2.978271251975555763e-04
1.199572976126571433e+01 -3.213044444601016020e-04
1.202640937702342683e+01 -3.436677606139793809e-04
1.205708899278113932e+01 -3.641511509783391010e-04
1.208776860853885182e+01 -3.818571342127266392e-04
1.211844822429656432e+01 -3.959222831783127164e-04
1.214912784005427859e+01 -4.054816433618240097e-04
1.217980745581199109e+01 -4.100463387407439074e-04
1.221048707156970359e+01 -4.093827796246813462e-04
1.224116668732741608e+01 -4.035857968546905554e-04
1.227184630308512858e+01 -3.929952741420776781e-04
1.230252591884284108e+01 -3.782658578376790087e-04
1.233320553460055535e+01 -3.600459515423434266e-04
1.236388515035826785e+01 -3.389901914735787510e-04
1.239456476611598035e+01 -3.156375705030664059e-04
1.242524438187369284e+01 -2.902608376948731333e-04
1.245592399763140534e+01 -2.631879305012516925e-04
1.248660361338911962e+01 -2.343338791957814526e-04
1.251728322914683211e+01 -2.035913052689257343e-04
1.254796284490454461e+01 -1.708369191157171852e-04
1.257864246066225711e+01 -1.358910899448694952e-04
1.260932207641996960e+01 -9.905096497378064577e-05
1.264000169217768210e+01 -6.043801935998023919e-05
1.267068130793539638e+01 -2.044919960149846317e-05
1.270136092369310887e+01 2.038211792216604266e-05
1.273204053945082137e+01 6.157290166634411344e-05
1.276272015520853387e+01 1.022127929286740583e-04
1.279339977096624636e+01 1.418164543452138620e-04
1.282407938672396064e+01 1.798217147167947654e-04
1.285475900248167314e+01 2.157377568627896433e-04
1.288543861823938563e+01 2.492363613085904245e-04
1.291611823399709813e+01 2.797099074299203231e-04
1.294679784975481063e+01 3.068955946341185375e-04
1.297747746551252312e+01 3.304222196448156567e-04
1.300815708127023740e+01 3.499297144525033063e-04
1.303883669702794990e+01 3.651326084772252029e-04
1.306951631278566239e+01 3.756710773777904291e-04
1.310019592854337489e+01 3.814587319270019094e-04
1.313087554430108739e+01 3.825134097834388051e-04
1.316155516005880166e+01 3.790480700536118849e-04
1.319223477581651416e+01 3.714361267750721559e-04
1.322291439157422666e+01 3.602984326137087978e-04
1.325359400733193915e+01 3.462982346672053560e-04
1.328427362308965165e+01 3.301603749421894076e-04
1.331495323884736415e+01 3.125663183587768564e-04
1.334563285460507842e+01 2.940126349606725451e-04
1.337631247036279092e+01 2.749956231583045724e-04
1.340699208612050342e+01 2.556169987620279566e-04
1.343767170187821591e+01 2.358250057451613990e-04
1.346835131763592841e+01 2.153879304624832557e-04
1.349903093339364268e+01 1.938839868650133738e-04
1.352971054915135518e+01 1.710590516588760869e-04
1.356039016490906768e+01 1.464891264822287971e-04
1.359106978066678018e+01 1.199252909313709551e-04
1.362174939642449267e+01 9.118639512783864197e-05
1.365242901218220695e+01 6.056204247020507411e-05
1.368310862793991944e+01 2.824791238272155138e-05
1.371378824369763194e+01 -5.310790443327323385e-06
1.374446785945534444e+01 -3.955462523704743962e-05
1.377514747521305694e+01 -7.397882506740453628e-05
1.380582709097076943e+01 -1.077430771754925878e-04
1.383650670672848371e+01 -1.403885346641649365e-04
1.386718632248619620e+01 -1.714246635463570652e-04
1.389786593824390870e+01 -2.004530225304969858e-04
1.392854555400162120e+01 -2.272518763730034736e-04
1.395922516975933370e+01 -2.514115739440969427e-04
1.398990478551704797e+01 -2.728321374827820823e-04
1.402058440127476047e+01 -2.913435880492946484e-04
1.405126401703247296e+01 -3.067778995124588698e-04
1.408194363279018546e+01 -3.189906665134614001e-04
1.411262324854789796e+01 -3.277183761463327316e-04
1.414330286430561046e+01 -3.328331273776298093e-04
1.417398248006332473e+01 -3.341974708764318121e-04
1.420466209582103723e+01 -3.317475295563235087e-04
1.423534171157874972e+01 -3.254870616026868282e-04
1.426602132733646222e+01 -3.156005271427077133e-04
1.429670094309417472e+01 -3.023332495149738479e-04
1.432738055885188899e+01 -2.860520671070044879e-04
1.435806017460960149e+01 -2.672089624541725732e-04
1.438873979036731399e+01 -2.462300986955556401e-04
1.441941940612502648e+01 -2.237528360452500876e-04
1.445009902188273898e+01 -2.001750017006390060e-04
1.448077863764045148e+01 -1.758904094905148997e-04
1.451145825339816575e+01 -1.512043413963666864e-04
1.454213786915587825e+01 -1.262409409129705681e-04
1.457281748491359075e+01 -1.012810100329265920e-04
1.460349710067130324e+01 -7.629508625531703056e-05
1.463417671642901574e+01 -5.129914508089313853e-05
1.466485633218673001e+01 -2.630510000748737478e-05
1.469553594794444251e+01 -1.272613471172204078e-06
1.472621556370215501e+01 2.354204565715667399e-05
1.475689517945986751e+01 4.806049753384822418e-05
1.478757479521758000e+01 7.205291414177066999e-05
1.481825441097529250e+01 9.523120871694518586e-05
1.484893402673300677e+01 1.173359835578180905e-04
1.487961364249071927e+01 1.378775745856236092e-04
1.491029325824843177e+01 1.565981362139375434e-04
1.494097287400614427e+01 1.732045675035858898e-04
1.497165248976385676e+01 1.874689135435608821e-04
1.500233210552157104e+01 1.992804046636854572e-04
1.503301172127928353e+01 2.085053172274236341e-04
1.506369133703699603e+01 2.152248526135751446e-04
1.509437095279470853e+01 2.195661403408408685e-04
1.512505056855242103e+01 2.217350088033806900e-04
1.515573018431013530e+01 2.219931623532918623e-04
1.518640980006784780e+01 2.206331464045139189e-04
1.521708941582556029e+01 2.179609218919365758e-04
1.524776903158327279e+01 2.142552409242160167e-04
1.527844864734098529e+01 2.097293175014001412e-04
1.530912826309869779e+01 2.045684603355264492e-04
1.533980787885641206e+01 1.988263703342601216e-04
1.537048749461412456e+01 1.924805866189025427e-04
1.540116711037183705e+01 1.854285603291837552e-04
1.543184672612954955e+01 1.774850963053208541e-04
1.546252634188726205e+01 1.685192612719603423e-04
1.549320595764497632e+01 1.583412663682840860e-04
1.552388557340268882e+01 1.468389087991871288e-04
1.555456518916040132e+01 1.339860842677174793e-04
1.558524480491811381e+01 1.198083197258290121e-04
1.561592442067582631e+01 1.045686109662756648e-04
1.564660403643353881e+01 8.847030670128201821e-05
1.567728365219125308e+01 7.179975799723450013e-05
1.570796326794896558e+01 5.483845758960574586e-05
1.573864288370667808e+01 3.776220558045479509e-05
1.576932249946439057e+01 2.082886322863106387e-05
1.580000211522210307e+01 4.029305135955599914e-06
1.583068173097981735e+01 -1.268481961516504498e-05
1.586136134673752984e+01 -2.942768063986796491e-05
1.589204096249524234e+01 -4.639055992777214524e-05
1.592272057825295484e+01 -6.356829245497097841e-05
1.595340019401066733e+01 -8.103756170037767440e-05
1.598407980976837983e+01 -9.870115060567727805e-05
1.601475942552609411e+01 -1.163270394030417284e-04
1.604543904128380660e+01 -1.336105881262684872e-04
1.607611865704151910e+01 -1.499848837461077397e-04
1.610679827279923160e+01 -1.650044044311418500e-04
1.613747788855694409e+01 -1.781790048637896717e-04
1.616815750431465659e+01 -1.890878918841150651e-04
1.619883712007236909e+01 -1.974467629265402955e-04
1.622951673583008159e+01 -2.030347961562887582e-04
1.626019635158779764e+01 -2.058691629378139475e-04
1.629087596734551013e+01 -2.060735901084794733e-04
1.632155558310322263e+01 -2.038891652464470451e-04
1.635223519886093513e+01 -1.996166413815597955e-04
1.638291481461864763e+01 -1.936379524537787183e-04
1.641359443037636012e+01 -1.862913337162273365e-04
1.644427404613407262e+01 -1.778923553991739273e-04
1.647495366189178512e+01 -1.686926461496186639e-04
1.650563327764949761e+01 -1.588345082246603313e-04
1.653631289340721011e+01 -1.484701717904889182e-04
1.656699250916492261e+01 -1.375764098564554003e-04
1.659767212492263866e+01 -1.260912603802436481e-04
1.662835174068035116e+01 -1.139077657486480764e-04
1.665903135643806365e+01 -1.008575766141157350e-04
1.668971097219577615e+01 -8.691638429264019632e-05
1.672039058795348865e+01 -7.198310630597559712e-05
1.675107020371120115e+01 -5.607662379340482548e-05
1.678174981946891364e+01 -3.925756230980474438e-05
1.681242943522662614e+01 -2.185262999585964216e-05
1.684310905098433864e+01 -4.113105286860133545e-06
1.687378866674205113e+01 1.359681283624168769e-05
1.690446828249976363e+01 3.089469209480717699e-05
1.693514789825747968e+01 4.747892134077061224e-05
1.696582751401519218e+01 6.295995774707207108e-05
1.699650712977290468e+01 7.721311213164765695e-05
1.702718674553061717e+01 9.017440035366594412e-05
1.705786636128832967e+01 1.018876076274202714e-04
1.708854597704604217e+01 1.125104209925278042e-04
1.711922559280375467e+01 1.221325920918851532e-04
1.714990520856146716e+01 1.309338695377952166e-04
1.718058482431917966e+01 1.390007597104401366e-04
1.721126444007689216e+01 1.463270087652660163e-04
1.724194405583460465e+01 1.528257973087074340e-04
1.727262367159232070e+01 1.582546812075574642e-04
1.730330328735003320e+01 1.623775223039457336e-04
1.733398290310774570e+01 1.649188337981432771e-04
1.736466251886545820e+01 1.656433660800844452e-04
1.739534213462317069e+01 1.643922870924788531e-04
1.742602175038088319e+01 1.611413467153409614e-04
1.745670136613859569e+01 1.559881958339144582e-04
1.748738098189630819e+01 1.491574843157415591e-04
1.751806059765402068e+01 1.409754344206724742e-04
1.754874021341173318e+01 1.317941970434540009e-04
1.757941982916944923e+01 1.220645648854975520e-04
1.761009944492716173e+01 1.121081801365042150e-04
1.764077906068487422e+01 1.021940915192206053e-04
1.767145867644258672e+01 9.248427833385306710e-05
1.770213829220029922e+01 8.299285115127743705e-05
1.773281790795801172e+01 7.371993557962043888e-05
1.776349752371572421e+01 6.448687024057608538e-05
1.779417713947343671e+01 5.510001950202156372e-05
1.782485675523114921e+01 4.535785504186178290e-05
1.785553637098886171e+01 3.505752732771612730e-05
1.788621598674657420e+01 2.416300056548174573e-05
1.791689560250429025e+01 1.262570371084830625e-05
1.794757521826200275e+01 5.257114437013797099e-07
1.797825483401971525e+01 -1.196858065799714973e-05
1.800893444977742774e+01 -2.466253923408993500e-05
1.803961406553514024e+01 -3.720077261112637174e-05
1.807029368129285274e+01 -4.935024772044701999e-05
1.810097329705056524e+01 -6.087104762933120462e-05
1.813165291280827773e+01 -7.158817738258051362e-05
1.816233252856599023e+01 -8.144073612413997598e-05
1.819301214432370273e+01 -9.036375872217847021e-05
1.822369176008141523e+01 -9.846979788333505362e-05
1.825437137583913128e+01 -1.058991185941787316e-04
1.828505099159684377e+01 -1.128209686164479076e-04
1.831573060735455627e+01 -1.194150723877558586e-04
1.834641022311226877e+01 -1.257523198638792238e-04
1.837708983886998126e+01 -1.318889675340349950e-04
1.840776945462769376e+01 -1.377626521033960890e-04
1.843844907038540626e+01 -1.432218443214545382e-04
1.846912868614311876e+01 -1.479689773772512116e-04
1.849980830190083125e+01 -1.516876286594122467e-04
1.853048791765854375e+01 -1.540108350676449407e-04
1.856116753341625625e+01 -1.545811472002367167e-04
1.859184714917397230e+01 -1.530897464953421552e-04
1.862252676493168480e+01 -1.493439471434208183e-04
1.865320638068939729e+01 -1.432650133405392087e-04
1.868388599644710979e+01 -1.349148114067450735e-04
1.871456561220482229e+01 -1.244941812091863054e-04
1.874524522796253478e+01 -1.122763653992376486e-04
1.877592484372024728e+01 -9.873635588537027074e-05
1.880660445947795978e+01 -8.426429639975655027e-05
1.883728407523567228e+01 -6.927630476609559866e-05
1.886796369099338477e+01 -5.413621822865554909e-05
1.889864330675109727e+01 -3.907700674333239944e-05
1.892932292250881332e+01 -2.438225666203473600e-05
1.896000253826652582e+01 -1.009703616724519874e-05
1.899068215402423832e+01 3.758501894613324679e-06
1.902136176978195081e+01 1.721041521059431338e-05
1.905204138553966331e+01 3.034022389338032776e-05
1.908272100129737581e+01 4.308973943242386039e-05
1.911340061705508830e+01 5.549146633336100658e-05
1.914408023281280080e+01 6.749041895328399042e-05
1.917475984857051330e+01 7.898957609382356387e-05
1.920543946432822580e+01 8.989335818551862729e-05
1.923611908008593829e+01 9.998592902898119871e-05
1.926679869584365434e+01 1.091576601199116395e-04
1.929747831160136684e+01 1.172758610165891942e-04
1.932815792735907934e+01 1.242276927031597540e-04
1.935883754311679184e+01 1.299380831403742663e-04
1.938951715887450433e+01 1.342954587098326379e-04
1.942019677463221683e+01 1.372611882109454852e-04
1.945087639038992933e+01 1.387898237492311284e-04
1.948155600614764182e+01 1.388564061368947856e-04
1.951223562190535432e+01 1.374572293405303808e-04
1.954291523766306682e+01 1.346396885725037668e-04
1.957359485342077932e+01 1.304891962550535668e-04
1.960427446917849537e+01 1.251419500138717692e-04
1.963495408493620786e+01 1.187803220663405677e-04
1.966563370069392036e+01 1.115885175496370609e-04
1.969631331645163286e+01 1.038207720991340499e-04
1.972699293220934535e+01 9.563528572453324124e-05
1.975767254796705785e+01 8.715171613540563479e-05
1.978835216372477035e+01 7.841532231428236075e-05
1.981903177948248285e+01 6.936077361589839253e-05
1.984971139524019534e+01 5.994668403715860635e-05
1.988039101099790784e+01 5.000943657291433673e-05
1.991107062675562034e+01 3.942530862579390319e-05
1.994175024251333639e+01 2.808852023367416930e-05
1.997242985827104889e+01 1.610145962678809025e-05
2.000310947402876138e+01 3.575668526059329035e-06
2.003378908978647388e+01 -9.221144227243031677e-06
2.006446870554418638e+01 -2.192302609835397381e-05
2.009514832130189887e+01 -3.414936962739084344e-05
2.012582793705961137e+01 -4.540648752964018548e-05
2.015650755281732387e+01 -5.538575986050418165e-05
2.018718716857503637e+01 -6.385448304605386924e-05
2.021786678433274886e+01 -7.073280382099189135e-05
2.024854640009046136e+01 -7.611802653972905158e-05
2.027922601584817741e+01 -8.020112728182487755e-05
2.030990563160588991e+01 -8.332876756086889406e-05
2.034058524736360241e+01 -8.587592517077270173e-05
2.037126486312131490e+01 -8.820046286640380437e-05
2.040194447887902740e+01 -9.059237719132041662e-05
2.043262409463673990e+01 -9.319790689326473124e-05
2.046330371039445239e+01 -9.603978161785505397e-05
2.049398332615216489e+01 -9.898849742325863794e-05
2.052466294190987739e+01 -1.017898413368445367e-04
2.055534255766758989e+01 -1.041129795294213825e-04
2.058602217342530594e+01 -1.055751932229838960e-04
2.061670178918301843e+01 -1.058424553602763351e-04
2.064738140494073093e+01 -1.046483237687686769e-04
2.067806102069844343e+01 -1.018452875748454859e-04
2.070874063645615593e+01 -9.740840231673216106e-05
2.073942025221386842e+01 -9.150164492255420689e-05
2.077009986797158092e+01 -8.437403067338404171e-05
2.080077948372929342e+01 -7.637942120934602930e-05
2.083145909948700591e+01 -6.791867984856157065e-05
2.086213871524471841e+01 -5.935761148096091905e-05
2.089281833100243091e+01 -5.108597725494258080e-05
2.092349794676014696e+01 -4.330729558993600228e-05
2.095417756251785946e+01 -3.612123048685919434e-05
2.098485717827557195e+01 -2.948436298759637877e-05
2.101553679403328445e+01 -2.320261828620731983e-05
2.104621640979099695e+01 -1.704330521937521815e-05
2.107689602554870945e+01 -1.065905830984843606e-05
2.110757564130642194e+01 -3.724853107265479554e-06
2.113825525706413444e+01 4.023493921805292825e-06
2.116893487282184694e+01 1.277225926631767455e-05
2.119961448857955943e+01 2.248013447841722731e-05
2.123029410433727193e+01 3.303478422638616424e-05
2.126097372009498798e+01 4.415104281240819144e-05
2.129165333585270048e+01 5.542747317465920707e-05
2.132233295161041298e+01 6.642771822630840297e-05
2.135301256736812547e+01 7.659262767279637573e-05
2.138369218312583797e+01 8.550957804589421544e-05
2.141437179888355047e+01 9.281710819679301250e-05
2.144505141464126297e+01 9.827700619781810486e-05
2.147573103039897546e+01 1.017988163350736663e-04
2.150641064615668796e+01 1.033962720813188710e-04
2.153709026191440046e+01 1.032437734049466537e-04
2.156776987767211295e+01 1.015916975337950441e-04
2.159844949342982900e+01 9.873348691101282971e-05
2.162912910918754150e+01 9.500558513544602607e-05
2.165980872494525400e+01 9.069497758818375309e-05
2.169048834070296650e+01 8.604496716205300522e-05
2.172116795646067899e+01 8.122865549645019874e-05
2.175184757221839149e+01 7.632632412437186055e-05
2.178252718797610399e+01 7.139215339322398221e-05
2.181320680373381649e+01 6.637445229099618517e-05
2.184388641949152898e+01 6.119916587031724539e-05
2.187456603524924148e+01 5.577902564213051801e-05
2.190524565100695398e+01 5.001983139946437326e-05
2.193592526676467003e+01 4.391661104364828105e-05
2.196660488252238252e+01 3.745510076902834135e-05
2.199728449828009502e+01 3.068939855717722829e-05
2.202796411403780752e+01 2.371723296773050531e-05
2.205864372979552002e+01 1.664070517378901776e-05
2.208932334555323251e+01 9.633990175640398456e-06
2.212000296131094501e+01 2.780936860649161614e-06
2.215068257706865751e+01 -3.856180785744459474e-06
2.218136219282637001e+01 -1.027406625035077306e-05
2.221204180858408250e+01 -1.655017913794951925e-05
2.224272142434179500e+01 -2.274846721983379188e-05
2.227340104009951105e+01 -2.901664375715125589e-05
2.230408065585722355e+01 -3.546928147625128539e-05
2.233476027161493604e+01 -4.217059696838375412e-05
2.236543988737264854e+01 -4.912590925162968496e-05
2.239611950313036104e+01 -5.617073445448455426e-05
2.242679911888807354e+01 -6.310707578977764259e-05
2.245747873464578603e+01 -6.963025351467006777e-05
2.248815835040349853e+01 -7.539088028825700991e-05
2.251883796616121103e+01 -8.005783025641461325e-05
2.254951758191892353e+01 -8.331368750983849508e-05
2.258019719767663602e+01 -8.499322158876989328e-05
2.261087681343435207e+01 -8.504908289410309942e-05
2.264155642919206457e+01 -8.358108646690607529e-05
2.267223604494977707e+01 -8.080592381770403967e-05
2.270291566070748956e+01 -7.705954577225632249e-05
2.273359527646520206e+01 -7.269244737286851535e-05
2.276427489222291456e+01 -6.804340474830151031e-05
2.279495450798062706e+01 -6.338188715670604347e-05
2.282563412373833955e+01 -5.885682522387974963e-05
2.285631373949605205e+01 -5.454154970423971986e-05
2.288699335525376455e+01 -5.035410693751779342e-05
2.291767297101147705e+01 -4.614728125100361021e-05
2.294835258676919310e+01 -4.173714084497902788e-05
2.297903220252690559e+01 -3.693558362693186896e-05
2.300971181828461809e+01 -3.165606830205729122e-05
2.304039143404233059e+01 -2.584972367096664302e-05
2.307107104980004308e+01 -1.957681942239586663e-05
2.310175066555775558e+01 -1.295930769207050121e-05
2.313243028131546808e+01 -6.242662061031787329e-06
2.316310989707318058e+01 3.710415194001284881e-07
2.319378951283089307e+01 6.676232205699774958e-06
2.322446912858860557e+01 1.251689048829577266e-05
2.325514874434631807e+01 1.782416417121085710e-05
2.328582836010403412e+01 2.255310117711232804e-05
2.331650797586174662e+01 2.677323850674130320e-05
2.334718759161945911e+01 3.057558713886274763e-05
2.337786720737717161e+01 3.406079988622628810e-05
2.340854682313488411e+01 3.732033496954944831e-05
2.343922643889259660e+01 4.037347992007377551e-05
2.346990605465030910e+01 4.322211139114833352e-05
2.350058567040802160e+01 4.581338968625418872e-05
2.353126528616573410e+01 4.806794915509041979e-05
2.356194490192344659e+01 4.991160464417830330e-05
2.359262451768115909e+01 5.128091861962371826e-05
2.362330413343887514e+01 5.218009063012310147e-05
2.365398374919658764e+01 5.266721697217839241e-05
2.368466336495430014e+01 5.285732317894751013e-05
2.371534298071201263e+01 5.290145074125471877e-05
2.374602259646972513e+01 5.295561243732278996e-05
2.377670221222743763e+01 5.314222684937924070e-05
2.380738182798515012e+01 5.351457944974810155e-05
2.383806144374286262e+01 5.403022685927027716e-05
2.386874105950057512e+01 5.454371067494519860e-05
2.389942067525828762e+01 5.481284124611649210e-05
2.393010029101600367e+01 5.454016431179739327e-05
2.396077990677371616e+01 5.341338796791415453e-05
2.399145952253142866e+01 5.116499241376873072e-05
2.402213913828914116e+01 4.761023517114844431e-05
2.405281875404685366e+01 4.273783404139086365e-05
2.408349836980456615e+01 3.665892300968466154e-05
2.411417798556227865e+01 2.964348402784924179e-05
2.414485760131999115e+01 2.207755652266721612e-05
2.417553721707770364e+01 1.438328125494371665e-05
2.420621683283541614e+01 7.052178974838733050e-06
2.423689644859312864e+01 4.296966044311612164e-07
2.426757606435084469e+01 -5.240069143306872842e-06
2.429825568010855719e+01 -9.873382866020214110e-06
2.432893529586626968e+01 -1.356135290148770507e-05
2.435961491162398218e+01 -1.650139208190475789e-05
2.439029452738169468e+01 -1.902088307414562157e-05
2.442097414313940718e+01 -2.146494015362858946e-05
2.445165375889711967e+01 -2.414263880692645779e-05
2.448233337465483217e+01 -2.727960416660328626e-05
2.451301299041254467e+01 -3.093764703065233541e-05
2.454369260617025716e+01 -3.506363063225700606e-05
2.457437222192796966e+01 -3.946331635754791041e-05
2.460505183768568571e+01 -4.385008845579516724e-05
2.463573145344339821e+01 -4.791169143467142262e-05
2.466641106920111071e+01 -5.131691301078352780e-05
2.469709068495882320e+01 -5.384743167598484890e-05
2.472777030071653570e+01 -5.538051619671090643e-05
2.475844991647424820e+01 -5.591700498475703272e-05
2.478912953223196070e+01 -5.556599568767193402e-05
2.481980914798967319e+01 -5.452252486378180151e-05
2.485048876374738569e+01 -5.301290289133895109e-05
2.488116837950509819e+01 -5.124919289521136337e-05
2.491184799526281068e+01 -4.937827824119881949e-05
2.494252761102052673e+01 -4.747860827692348837e-05
2.497320722677823923e+01 -4.551549663253254350e-05
2.500388684253595173e+01 -4.337856645808635343e-05
2.503456645829366423e+01 -4.090792628186611666e-05
2.506524607405137672e+01 -3.792676779240804376e-05
2.509592568980908922e+01 -3.432733181346113243e-05
2.512660530556680172e+01 -3.004806295562093520e-05
2.515728492132451422e+01 -2.513554444589814071e-05
2.518796453708222671e+01 -1.973702298876771683e-05
2.521864415283993921e+01 -1.406323590060577052e-05
2.524932376859765171e+01 -8.427119147875673951e-06
2.528000338435536776e+01 -3.088774806833145690e-06
2.531068300011308025e+01 1.717494297438182458e-06
2.534136261587079275e+01 5.839432493932126270e-06
2.537204223162850525e+01 9.239587882428695550e-06
2.540272184738621775e+01 1.195645913137636965e-05
2.543340146314393024e+01 1.415501283146803447e-05
2.546408107890164274e+01 1.604910860067807366e-05
2.549476069465935524e+01 1.787414190420747571e-05
2.552544031041706774e+01 1.985032434627536060e-05
2.555611992617478023e+01 2.212190966184429122e-05
2.558679954193249273e+01 2.477346041054581725e-05
2.561747915769020878e+01 2.779694598018656168e-05
2.564815877344792128e+01 3.110610297105753988e-05
2.567883838920563377e+01 3.456978442917056610e-05
2.570951800496334627e+01 3.799366621026656652e-05
2.574019762072105877e+01 4.121620008464739753e-05
2.577087723647877127e+01 4.408821905264944139e-05
2.580155685223648376e+01 4.649776170591901387e-05
2.583223646799419626e+01 4.837922800794501572e-05
2.586291608375190876e+01 4.968543044360073518e-05
2.589359569950962126e+01 5.041112327659282754e-05
2.592427531526733375e+01 5.055336062204490293e-05
2.595495493102504980e+01 5.010613268406439649e-05
2.598563454678276230e+01 4.904998181942517651e-05
2.601631416254047480e+01 4.736842373918809739e-05
2.604699377829818729e+01 4.503697280880555008e-05
2.607767339405589979e+01 4.204881650128646496e-05
2.610835300981361229e+01 3.842762221446239764e-05
2.613903262557132479e+01 3.422536312405236421e-05
2.616971224132903728e+01 2.958282954476517095e-05
2.620039185708674978e+01 2.464441074379154848e-05
2.623107147284446228e+01 1.959752532626992373e-05
2.626175108860217478e+01 1.463823378847782573e-05
2.629243070435989083e+01 9.930731175399928049e-06
2.632311032011760332e+01 5.643026259687785329e-06
2.635378993587531582e+01 1.834901965049350926e-06
2.638446955163302832e+01 -1.490422397633167492e-06
2.641514916739074081e+01 -4.410242502646480057e-06
2.644582878314845331e+01 -7.032415070915588015e-06
2.647650839890616581e+01 -9.529346157837169259e-06
2.650718801466387831e+01 -1.207227907472417476e-05
2.653786763042159080e+01 -1.481138742911176283e-05
2.656854724617930330e+01 -1.786273436228338844e-05
2.659922686193701580e+01 -2.124899362264377227e-05
2.662990647769473185e+01 -2.495365517882493331e-05
2.666058609345244435e+01 -2.888554274230121092e-05
2.669126570921015684e+01 -3.289991307248852612e-05
2.672194532496786934e+01 -3.683038674438701525e-05
2.675262494072558184e+01 -4.045926538109840360e-05
2.678330455648329433e+01 -4.361484941454374717e-05
2.681398417224100683e+01 -4.613584940417205074e-05
2.684466378799871933e+01 -4.789879460873100838e-05
2.687534340375643183e+01 -4.882580176951055939e-05
2.690602301951414432e+01 -4.887942486177087052e-05
2.693670263527186037e+01 -4.807951318260785027e-05
2.696738225102957287e+01 -4.648669648665282452e-05
2.699806186678728537e+01 -4.420298903010791490e-05
2.702874148254499787e+01 -4.135264163270452103e-05
2.705942109830271036e+01 -3.811063372730495968e-05
2.709010071406042286e+01 -3.463341723731509038e-05
2.712078032981813536e+01 -3.107751735897375061e-05
2.715145994557584785e+01 -2.757488289422484578e-05
2.718213956133356035e+01 -2.420463059694624329e-05
2.721281917709127285e+01 -2.102585865057053966e-05
2.724349879284898535e+01 -1.800806649108525228e-05
2.727417840860670140e+01 -1.508166950788510240e-05
2.730485802436441389e+01 -1.214300567112036461e-05
2.733553764012212639e+01 -9.068003974937946323e-06
2.736621725587983889e+01 -5.780621531926928104e-06
2.739689687163755138e+01 -2.218610713834496891e-06
2.742757648739526388e+01 1.609336272185048177e-06
2.745825610315297638e+01 5.627518017519706742e-06
2.748893571891068888e+01 9.715664356785074055e-06
2.751961533466840137e+01 1.367887686475339976e-05
2.755029495042611387e+01 1.735883931307002540e-05
2.758097456618382637e+01 2.061459349366660557e-05
2.761165418194154242e+01 2.336581684766141477e-05
2.764233379769925492e+01 2.561467231022077266e-05
2.767301341345696741e+01 2.741850474382215484e-05
2.770369302921467991e+01 2.891605223882532833e-05
2.773437264497239241e+01 3.026544186663140799e-05
2.776505226073010490e+01 3.161247893504657121e-05
2.779573187648781740e+01 3.305738450305425910e-05
2.782641149224552990e+01 3.460646726241907868e-05
2.785709110800324240e+01 3.618756674356127869e-05
2.788777072376095489e+01 3.763751641161815827e-05
2.791845033951866739e+01 3.873458129315366608e-05
2.794912995527638344e+01 3.922517210193393221e-05
2.797980957103409594e+01 3.888903751804770976e-05
2.801048918679180844e+01 3.756684101581201095e-05
2.804116880254952093e+01 3.519795924089680578e-05
2.807184841830723343e+01 3.182456684734872167e-05
2.810252803406494593e+01 2.763688394330622393e-05
2.813320764982265842e+01 2.288610539503354538e-05
2.816388726558037092e+01 1.789461685481576398e-05
2.819456688133808342e+01 1.300568006395801972e-05
2.822524649709579592e+01 8.526464370934040750e-06
2.825592611285350841e+01 4.747675025796641070e-06
2.828660572861122446e+01 1.829170040138430118e-06
2.831728534436893696e+01 -1.561691048742900775e-07
2.834796496012664946e+01 -1.240589201392149924e-06
2.837864457588436196e+01 -1.551202589419255092e-06
2.840932419164207445e+01 -1.287233737369581885e-06
2.844000380739978695e+01 -6.984527150301999665e-07
2.847068342315749945e+01 -4.951063707132965616e-08
2.850136303891521194e+01 4.094646759442868679e-07
2.853204265467292444e+01 4.688002424415756331e-07
2.856272227043063694e+01 -1.877166022328548016e-08
2.859340188618834944e+01 -1.126616205152793690e-06
2.862408150194606549e+01 -2.854085934536005761e-06
2.865476111770377798e+01 -5.132599368631384320e-06
2.868544073346149048e+01 -7.852123303706038491e-06
2.871612034921920298e+01 -1.084481655600771926e-05
2.874679996497691548e+01 -1.396047144324601591e-05
2.877747958073462797e+01 -1.705048339753153125e-05
2.880815919649234047e+01 -1.998960114358567969e-05
2.883883881225005297e+01 -2.269030553783627426e-05
2.886951842800776546e+01 -2.506585005973696462e-05
2.890019804376547796e+01 -2.707623931088282658e-05
2.893087765952319046e+01 -2.868188081260152135e-05
2.896155727528090651e+01 -2.984559734594736418e-05
2.899223689103861901e+01 -3.052929309550105400e-05
2.902291650679633150e+01 -3.068937223594441697e-05
2.905359612255404400e+01 -3.029857439102025157e-05
2.908427573831175650e+01 -2.934707750747701468e-05
2.911495535406946900e+01 -2.785831710910510479e-05
2.914563496982718149e+01 -2.588956823002954664e-05
2.917631458558489399e+01 -2.355863012389648544e-05
2.920699420134260649e+01 -2.099797648106734344e-05
2.923767381710031898e+01 -1.836230187547020627e-05
2.926835343285803148e+01 -1.580076543922197268e-05
2.929903304861574753e+01 -1.342756111652482327e-05
2.932971266437346003e+01 -1.133303974493645075e-05
2.936039228013117253e+01 -9.527649287876946565e-06
2.939107189588888502e+01 -7.973121469856074816e-06
2.942175151164659752e+01 -6.585088509655626786e-06
2.945243112740431002e+01 -5.247518316068531001e-06
2.948311074316202252e+01 -3.852882894385535500e-06
2.951379035891973501e+01 -2.297633987527261464e-06
2.954446997467744751e+01 -5.169013249821431874e-07
2.957514959043516001e+01 1.516787440072191556e-06
2.960582920619287250e+01 3.766040003007310295e-06
2.963650882195058855e+01 6.174217210151521136e-06
2.966718843770830105e+01 8.651031557736579711e-06
2.969786805346601355e+01 1.109148877809377351e-05
2.972854766922372605e+01 1.339647633324833565e-05
2.975922728498143854e+01 1.545333017567028492e-05
2.978990690073915104e+01 1.718841248437052484e-05
2.982058651649686354e+01 1.854099129989854008e-05
2.985126613225457604e+01 1.947567663792283858e-05
2.988194574801228853e+01 1.998566866918568454e-05
2.991262536377000103e+01 2.008960483023377924e-05
2.994330497952771708e+01 1.984139063512211452e-05
2.997398459528542958e+01 1.932160599199314786e-05
3.000466421104314207e+01 1.863397724385800240e-05
3.003534382680085457e+01 1.789225791952543245e-05
3.006602344255856707e+01 1.721540353822773273e-05
3.009670305831627957e+01 1.669657003323236525e-05
3.012738267407399206e+01 1.639595726726767629e-05
3.015806228983170456e+01 1.632662256283890989e-05
3.018874190558941706e+01 1.644963173254016174e-05
3.021942152134712956e+01 1.667784502201604096e-05
3.025010113710484205e+01 1.689170251033487573e-05
3.028078075286255810e+01 1.695943250896612278e-05
3.031146036862027060e+01 1.676262944120339950e-05
3.034213998437798310e+01 1.621715131523524141e-05
3.037281960013569559e+01 1.529719136671444272e-05
3.040349921589340809e+01 1.403145734950514886e-05
3.043417883165112059e+01 1.250313201991657180e-05
3.046485844740883309e+01 1.083282490323858555e-05
3.049553806316654558e+01 9.148203440983952982e-06
3.052621767892425808e+01 7.579351288283373308e-06
3.055689729468197058e+01 6.201961457764330689e-06
3.058757691043968308e+01 5.042018211936083489e-06
3.061825652619739913e+01 4.064826760333082269e-06
3.064893614195511162e+01 3.176743373196035303e-06
3.067961575771282412e+01 2.252125120020928136e-06
3.071029537347053662e+01 1.138007260549525566e-06
3.074097498922824911e+01 -3.095156529883491566e-07
3.077165460498596161e+01 -2.203646065741230150e-06
3.080233422074367411e+01 -4.616881262602910222e-06
3.083301383650138661e+01 -7.536392066722936035e-06
3.086369345225909910e+01 -1.090572090715228738e-05
3.089437306801681160e+01 -1.459831091342889656e-05
3.092505268377452410e+01 -1.843421131497694049e-05
3.095573229953224015e+01 -2.220701203368321939e-05
3.098641191528995265e+01 -2.565317499999999855e-05
3.101709153104766514e+01 -2.565317499999999855e-05
3.104777114680537764e+01 -2.565317499999999855e-05
3.107845076256309014e+01 -2.565317499999999855e-05
3.110913037832080263e+01 -2.565317499999999855e-05
3.113980999407851513e+01 -2.565317499999999855e-05
3.117048960983622763e+01 -2.565317499999999855e-05
3.120116922559394013e+01 -2.565317499999999855e-05
3.123184884135165262e+01 -2.565317499999999855e-05
3.126252845710936512e+01 -2.565317499999999855e-05
3.129320807286708117e+01 -2.565317499999999855e-05
3.132388768862479367e+01 -2.565317499999999855e-05
3.135456730438250617e+01 -2.565317499999999855e-05
3.138524692014021866e+01 -2.565317499999999855e-05
3.141592653589793116e+01 -2.565317499999999855e-05
