# Description:
#    Intra-molecular correlation functions (form factors) for a single ungrafted 
#    matrix chain in a vacuum. These data were calculated from MD simulations 
#    using the Debye method.
# 
# Source:
#   Coarse Grained MD Simulation
# 
# Chain Length: 20
# Interactions: WCA
# dr: 0.1 d
# dk: 0.031 d^-1
# length: 1024
# Omega Pair: Matrix-Matrix
# 
# k                      Matrix-Matrix Omega(k)
# 
3.067961575771282340e-02 1.995327492841395411e+01
6.135923151542564680e-02 1.981389976422189036e+01
9.203884727313846326e-02 1.958437451369649551e+01
1.227184630308512936e-01 1.926876902195175134e+01
1.533980787885641239e-01 1.887267379338960893e+01
1.840776945462769543e-01 1.840282967788239077e+01
2.147573103039897569e-01 1.786716900480150017e+01
2.454369260617025872e-01 1.727442642851779198e+01
2.761165418194154175e-01 1.663393456534108239e+01
3.067961575771282479e-01 1.595542137015332607e+01
3.374757733348410782e-01 1.524870522131468142e+01
3.681553890925539085e-01 1.452341568390929538e+01
3.988350048502666834e-01 1.378884988377856757e+01
4.295146206079795137e-01 1.305370909094015097e+01
4.601942363656923440e-01 1.232591950457469565e+01
4.908738521234051744e-01 1.161262843808263057e+01
5.215534678811180047e-01 1.091993982915206729e+01
5.522330836388308350e-01 1.025302326320614377e+01
5.829126993965436654e-01 9.615948742151285700e+00
6.135923151542564957e-01 9.011766653467379484e+00
6.442719309119693261e-01 8.442618781675296447e+00
6.749515466696821564e-01 7.909675374915022594e+00
7.056311624273949867e-01 7.413310064131735544e+00
7.363107781851078171e-01 6.953218326482313749e+00
7.669903939428205364e-01 6.528467481787371796e+00
7.976700097005333667e-01 6.137657386601302889e+00
8.283496254582461971e-01 5.779014378372348659e+00
8.590292412159590274e-01 5.450490136685068876e+00
8.897088569736718577e-01 5.149906401301382886e+00
9.203884727313846881e-01 4.874968623964743841e+00
9.510680884890975184e-01 4.623419335459279189e+00
9.817477042468103487e-01 4.393019721065002159e+00
1.012427320004523068e+00 4.181680961327293389e+00
1.043106935762235787e+00 3.987381906173324442e+00
1.073786551519948729e+00 3.808322626624445206e+00
1.104466167277661448e+00 3.642858170840996390e+00
1.135145783035374389e+00 3.489511077607005962e+00
1.165825398793087109e+00 3.346976376565427902e+00
1.196505014550800050e+00 3.214077203981564601e+00
1.227184630308512769e+00 3.089904940898176910e+00
1.257864246066225711e+00 2.973562378579015064e+00
1.288543861823938430e+00 2.864304560435257496e+00
1.319223477581651371e+00 2.761509017506968533e+00
1.349903093339364091e+00 2.664620779469203171e+00
1.380582709097077032e+00 2.573172369406000026e+00
1.411262324854789751e+00 2.486758804997026839e+00
1.441941940612502693e+00 2.405007604507671370e+00
1.472621556370215412e+00 2.327613779904862401e+00
1.503301172127928131e+00 2.254282343800710464e+00
1.533980787885641073e+00 2.184758306225636826e+00
1.564660403643353792e+00 2.118804176267588435e+00
1.595340019401066733e+00 2.056194962397785542e+00
1.626019635158779453e+00 1.996733207117701303e+00
1.656699250916492394e+00 1.940211380054516654e+00
1.687378866674205113e+00 1.886461985536554087e+00
1.718058482431918055e+00 1.835305030475526511e+00
1.748738098189630774e+00 1.786583020239755903e+00
1.779417713947343715e+00 1.740130961305769830e+00
1.810097329705056435e+00 1.695811357479527270e+00
1.840776945462769376e+00 1.653489213678355441e+00
1.871456561220482095e+00 1.613032034694339645e+00
1.902136176978195037e+00 1.574322323636703658e+00
1.932815792735907756e+00 1.537252583548888607e+00
1.963495408493620697e+00 1.501720317721656484e+00
1.994175024251333417e+00 1.467617139624942224e+00
2.024854640009046136e+00 1.434885243915108077e+00
2.055534255766759077e+00 1.403438305267705521e+00
2.086213871524472019e+00 1.373198828802943305e+00
2.116893487282184960e+00 1.344106816206844801e+00
2.147573103039897902e+00 1.316097271944470570e+00
2.178252718797610399e+00 1.289125196820407382e+00
2.208932334555323340e+00 1.263135594232787762e+00
2.239611950313036282e+00 1.238090964954887685e+00
2.270291566070749223e+00 1.213943811281859020e+00
2.300971181828461720e+00 1.190656635007884212e+00
2.331650797586174662e+00 1.168201936776255501e+00
2.362330413343887603e+00 1.146537218520626844e+00
2.393010029101600544e+00 1.125644980884289215e+00
2.423689644859313042e+00 1.105492733278119255e+00
2.454369260617025983e+00 1.086052968500815341e+00
2.485048876374738924e+00 1.067305686609015369e+00
2.515728492132451422e+00 1.049233388231299635e+00
2.546408107890164363e+00 1.031808574641912557e+00
2.577087723647877304e+00 1.015011496299077498e+00
2.607767339405590246e+00 9.988299032944454314e-01
2.638446955163302743e+00 9.832382974032781719e-01
2.669126570921015684e+00 9.682209284939259364e-01
2.699806186678728626e+00 9.537587975621105718e-01
2.730485802436441567e+00 9.398334052533028338e-01
2.761165418194154064e+00 9.264267521879244738e-01
2.791845033951867006e+00 9.135193392850807781e-01
2.822524649709579947e+00 9.010894370603511616e-01
2.853204265467292888e+00 8.891273987466370432e-01
2.883883881225005386e+00 8.776103471990294169e-01
2.914563496982718327e+00 8.665217829234934666e-01
2.945243112740431268e+00 8.558442068058307317e-01
2.975922728498143766e+00 8.455623693078554437e-01
3.006602344255856707e+00 8.356597712405399170e-01
3.037281960013569648e+00 8.261224131618432054e-01
3.067961575771282590e+00 8.169367955276338744e-01
3.098641191528995087e+00 8.080884190380634990e-01
3.129320807286708028e+00 7.995667840087046230e-01
3.160000423044420970e+00 7.913583910019430512e-01
3.190680038802133911e+00 7.834537403734536110e-01
3.221359654559846408e+00 7.758423357013600752e-01
3.252039270317559350e+00 7.685159242509256305e-01
3.282718886075272291e+00 7.614662559612401793e-01
3.313398501832985232e+00 7.546873310324052619e-01
3.344078117590697730e+00 7.481733996745173476e-01
3.374757733348410671e+00 7.419219618635075619e-01
3.405437349106123612e+00 7.359297677581105868e-01
3.436116964863836554e+00 7.301975670847220545e-01
3.466796580621549051e+00 7.247258598430260657e-01
3.497476196379261992e+00 7.195166458282702404e-01
3.528155812136974934e+00 7.145729248288079649e-01
3.558835427894687431e+00 7.098974467691782086e-01
3.589515043652400372e+00 7.054923211289900742e-01
3.620194659410113314e+00 7.013629147261497554e-01
3.650874275167826255e+00 6.975092513117060466e-01
3.681553890925538752e+00 6.939305807236040291e-01
3.712233506683251694e+00 6.906246527606348939e-01
3.742913122440964635e+00 6.875867173722765013e-01
3.773592738198677576e+00 6.848097746207231218e-01
3.804272353956390074e+00 6.822845746233435760e-01
3.834951969714103015e+00 6.799988678725025215e-01
3.865631585471815956e+00 6.779409045900475217e-01
3.896311201229528898e+00 6.760946854162936948e-01
3.926990816987241395e+00 6.744452109214870150e-01
3.957670432744954336e+00 6.729777316739282700e-01
3.988350048502667278e+00 6.716784981926116060e-01
4.019029664260379775e+00 6.705352625108970122e-01
4.049709280018092272e+00 6.695360234498670682e-01
4.080388895775804770e+00 6.686742810158149419e-01
4.111068511533518155e+00 6.679445354044463157e-01
4.141748127291230652e+00 6.673442866392906847e-01
4.172427743048944038e+00 6.668742845751954862e-01
4.203107358806656535e+00 6.665372790118042623e-01
4.233786974564369032e+00 6.663392695253017584e-01
4.264466590322082418e+00 6.662865058624677372e-01
4.295146206079794915e+00 6.663862376648128638e-01
4.325825821837507412e+00 6.666469644897043967e-01
4.356505437595220798e+00 6.670756862408393495e-01
4.387185053352933295e+00 6.676791526955181411e-01
4.417864669110646680e+00 6.684631471652541235e-01
4.448544284868359178e+00 6.694301608920584234e-01
4.479223900626071675e+00 6.705821699531259172e-01
4.509903516383785060e+00 6.719189240713127065e-01
4.540583132141497558e+00 6.734376732733753368e-01
4.571262747899210055e+00 6.751349175340767284e-01
4.601942363656923440e+00 6.770054069736304303e-01
4.632621979414635938e+00 6.790428918268651692e-01
4.663301595172348435e+00 6.812411223156111806e-01
4.693981210930061820e+00 6.835935987038249673e-01
4.724660826687774318e+00 6.860943212371513056e-01
4.755340442445487703e+00 6.887380401272675812e-01
4.786020058203200200e+00 6.915205055381256072e-01
4.816699673960912698e+00 6.944397189768706236e-01
4.847379289718626083e+00 6.974946792728292655e-01
4.878058905476338580e+00 7.006858861506313207e-01
4.908738521234051078e+00 7.040158394950909448e-01
4.939418136991764463e+00 7.074885391211913621e-01
4.970097752749476960e+00 7.111089848053937512e-01
5.000777368507189458e+00 7.148836762311772119e-01
5.031456984264902843e+00 7.188206130068748312e-01
5.062136600022615340e+00 7.229270449150217992e-01
5.092816215780328726e+00 7.272119714673634938e-01
5.123495831538041223e+00 7.316833924616150675e-01
5.154175447295753720e+00 7.363495575600981224e-01
5.184855063053467106e+00 7.412183376399491541e-01
5.215534678811179603e+00 7.462940565535406412e-01
5.246214294568892100e+00 7.515827707267380697e-01
5.276893910326605486e+00 7.570887296493558072e-01
5.307573526084317983e+00 7.628134331788366529e-01
5.338253141842031368e+00 7.687576310309841565e-01
5.368932757599743866e+00 7.749195731591970171e-01
5.399612373357456363e+00 7.812962595021365475e-01
5.430291989115169748e+00 7.878824401760157192e-01
5.460971604872882246e+00 7.946716153204366195e-01
5.491651220630594743e+00 8.016552852149796404e-01
5.522330836388308128e+00 8.088239501688770927e-01
5.553010452146020626e+00 8.161663605974516233e-01
5.583690067903733123e+00 8.236707669405206600e-01
5.614369683661446508e+00 8.313246710803360306e-01
5.645049299419159006e+00 8.391158220860338579e-01
5.675728915176872391e+00 8.470304701400310776e-01
5.706408530934584888e+00 8.550563656871245088e-01
5.737088146692297386e+00 8.631797592781903505e-01
5.767767762450010771e+00 8.713889012839880488e-01
5.798447378207723268e+00 8.796720421459949257e-01
5.829126993965435766e+00 8.880176822811940429e-01
5.859806609723149151e+00 8.964155719835398273e-01
5.890486225480861648e+00 9.048552116689082547e-01
5.921165841238574146e+00 9.133278514945936122e-01
5.951845456996287531e+00 9.218232420114719217e-01
5.982525072754000028e+00 9.303371584415501827e-01
6.013204688511713414e+00 9.388553015281008163e-01
6.043884304269425911e+00 9.473719437403025356e-01
6.074563920027138408e+00 9.558805850348911504e-01
6.105243535784851794e+00 9.643724760287454290e-01
6.135923151542564291e+00 9.728413667769283402e-01
6.166602767300276788e+00 9.812792576251199161e-01
6.197282383057990174e+00 9.896786489133706510e-01
6.227961998815702671e+00 9.980327907487069883e-01
6.258641614573416057e+00 1.006332683785040150e+00
6.289321230331128554e+00 1.014575327834321250e+00
6.320000846088841051e+00 1.022750223311746476e+00
6.350680461846554437e+00 1.030847620768056805e+00
6.381360077604266934e+00 1.038870020065053579e+00
6.412039693361979431e+00 1.046802420716880677e+00
6.442719309119692817e+00 1.054639823508005003e+00
6.473398924877405314e+00 1.062382228678725893e+00
6.504078540635117811e+00 1.070019636704716781e+00
6.534758156392831197e+00 1.077549547511017503e+00
6.565437772150543694e+00 1.084964461554637660e+00
6.596117387908257079e+00 1.092269378053123186e+00
6.626797003665969577e+00 1.099451798527732116e+00
6.657476619423682074e+00 1.106511722070769199e+00
6.688156235181395459e+00 1.113444149295795826e+00
6.718835850939107956e+00 1.120249079714492391e+00
6.749515466696820454e+00 1.126929012957456289e+00
6.780195082454533839e+00 1.133468561881798120e+00
6.810874698212246336e+00 1.139878457865632466e+00
6.841554313969959722e+00 1.146133358786555645e+00
6.872233929727672219e+00 1.152240762761678194e+00
6.902913545485384716e+00 1.158195668245411980e+00
6.933593161243098102e+00 1.163978077277198819e+00
6.964272777000810599e+00 1.169580489912545262e+00
6.994952392758523096e+00 1.174992906137223070e+00
7.025632008516236482e+00 1.180200326514821763e+00
7.056311624273948979e+00 1.185187751476572737e+00
7.086991240031661476e+00 1.189937681781042977e+00
7.117670855789374862e+00 1.194435117991820672e+00
7.148350471547087359e+00 1.198665060634069857e+00
7.179030087304800745e+00 1.202610010365310789e+00
7.209709703062513242e+00 1.206252464745932285e+00
7.240389318820225739e+00 1.209582426064907290e+00
7.271068934577939125e+00 1.212589895558772612e+00
7.301748550335651622e+00 1.215269873366999542e+00
7.332428166093364119e+00 1.217614859826888329e+00
7.363107781851077505e+00 1.219622354858736601e+00
7.393787397608790002e+00 1.221294858132356609e+00
7.424467013366502499e+00 1.222644868580338162e+00
7.455146629124215885e+00 1.223677386557064928e+00
7.485826244881928382e+00 1.224409910344720132e+00
7.516505860639641767e+00 1.224852440297687028e+00
7.547185476397354265e+00 1.225027474197181609e+00
7.577865092155066762e+00 1.224950012397587384e+00
7.608544707912780147e+00 1.224642420204868243e+00
7.639224323670492645e+00 1.224122398531852784e+00
7.669903939428205142e+00 1.223402384436591106e+00
7.700583555185918527e+00 1.222502376008835379e+00
7.731263170943631025e+00 1.221432373389636838e+00
7.761942786701344410e+00 1.220207374652938048e+00
7.792622402459056907e+00 1.218827379994507742e+00
7.823302018216769405e+00 1.217294889320413409e+00
7.853981633974482790e+00 1.215612402270431103e+00
7.884661249732195287e+00 1.213777418531147623e+00
7.915340865489907785e+00 1.211777438854322764e+00
7.946020481247621170e+00 1.209609963137812549e+00
7.976700097005333667e+00 1.207259991976823876e+00
8.007379712763047053e+00 1.204722523756967645e+00
8.038059328520759550e+00 1.201980060023853270e+00
8.068738944278472047e+00 1.199032601425658484e+00
8.099418560036184545e+00 1.195862648783744930e+00
8.130098175793897042e+00 1.192470201715098099e+00
8.160777791551611315e+00 1.188852760399675468e+00
8.191457407309323813e+00 1.185007824931409548e+00
8.222137023067036310e+00 1.180937894919072750e+00
8.252816638824748807e+00 1.176652969447064878e+00
8.283496254582461304e+00 1.172158048750059800e+00
8.314175870340175578e+00 1.167460632303684021e+00
8.344855486097888075e+00 1.162580717987037326e+00
8.375535101855600573e+00 1.157530806246063193e+00
8.406214717613313070e+00 1.152316677723689731e+00
8.436894333371025567e+00 1.146969227041299444e+00
8.467573949128738064e+00 1.141496781098956914e+00
8.498253564886452338e+00 1.135911839717494543e+00
8.528933180644164835e+00 1.130229401814966561e+00
8.559612796401877333e+00 1.124459467699251425e+00
8.590292412159589830e+00 1.118619535926597575e+00
8.620972027917302327e+00 1.112717106049963434e+00
8.651651643675016601e+00 1.106757178417233201e+00
8.682331259432729098e+00 1.100754751951686261e+00
8.713010875190441595e+00 1.094712326915971312e+00
8.743690490948154093e+00 1.088644902506465950e+00
8.774370106705866590e+00 1.082552478757950132e+00
8.805049722463580864e+00 1.076445055249467764e+00
8.835729338221293361e+00 1.070335131794911909e+00
8.866408953979005858e+00 1.064235207976794939e+00
8.897088569736718355e+00 1.058147783791647090e+00
8.927768185494430853e+00 1.052092858110535545e+00
8.958447801252143350e+00 1.046075431257014854e+00
8.989127417009857623e+00 1.040113001990831787e+00
9.019807032767570121e+00 1.034218070138043455e+00
9.050486648525282618e+00 1.028398135775190791e+00
9.081166264282995115e+00 1.022673197098430853e+00
9.111845880040707613e+00 1.017045755706353249e+00
9.142525495798421886e+00 1.011525810403934633e+00
9.173205111556134383e+00 1.006125860417107720e+00
9.203884727313846881e+00 1.000846455424521553e+00
9.234564343071559378e+00 9.956897884115072372e-01
9.265243958829271875e+00 9.906631175937985478e-01
9.295923574586984373e+00 9.857621934223591564e-01
9.326603190344698646e+00 9.809852657809616794e-01
9.357282806102411143e+00 9.763288347553797930e-01
9.387962421860123641e+00 9.717889003577590001e-01
9.418642037617836138e+00 9.673597128705571091e-01
9.449321653375548635e+00 9.630365224318254702e-01
9.480001269133262909e+00 9.588138292792381945e-01
9.510680884890975406e+00 9.546868836417401472e-01
9.541360500648687903e+00 9.506526856198096453e-01
9.572040116406400401e+00 9.467074853666757051e-01
9.602719732164112898e+00 9.428507836693630351e-01
9.633399347921825395e+00 9.390818301069960850e-01
9.664078963679539669e+00 9.354026242790760559e-01
9.694758579437252166e+00 9.318159160757313320e-01
9.725438195194964663e+00 9.283247053789303038e-01
9.756117810952677161e+00 9.249342419154155115e-01
9.786797426710389658e+00 9.216490255508372753e-01
9.817477042468103932e+00 9.184743060438195217e-01
9.848156658225816429e+00 9.154155831698754797e-01
9.878836273983528926e+00 9.124776068134418106e-01
9.909515889741241423e+00 9.096638769635131405e-01
9.940195505498953921e+00 9.069776435252099311e-01
9.970875121256666418e+00 9.044190952824010532e-01
1.000155473701438069e+01 9.019945769983916950e-01
1.003223435277209319e+01 8.996878159326548996e-01
1.006291396852980569e+01 8.975140656555063989e-01
1.009359358428751818e+01 8.954619291422012406e-01
1.012427320004523068e+01 8.935256913652236399e-01
1.015495281580294495e+01 8.917003072291831423e-01
1.018563243156065745e+01 8.899742857226364823e-01
1.021631204731836995e+01 8.883526496942906192e-01
1.024699166307608245e+01 8.868239154205004304e-01
1.027767127883379494e+01 8.853830988189372864e-01
1.030835089459150922e+01 8.840256725544327621e-01
1.033903051034922171e+01 8.827455606429825963e-01
1.036971012610693421e+01 8.815496319803317604e-01
1.040038974186464671e+01 8.804346228180625067e-01
1.043106935762235921e+01 8.794020313106417630e-01
1.046174897338007170e+01 8.784526360833888603e-01
1.049242858913778598e+01 8.775982955152205056e-01
1.052310820489549847e+01 8.768423258130083608e-01
1.055378782065321097e+01 8.761910085631683387e-01
1.058446743641092347e+01 8.756518222493910875e-01
1.061514705216863597e+01 8.752313001690066319e-01
1.064582666792635024e+01 8.749381099282370622e-01
1.067650628368406274e+01 8.747769948829934306e-01
1.070718589944177523e+01 8.747520114825392268e-01
1.073786551519948773e+01 8.748668708224084378e-01
1.076854513095720023e+01 8.751228299401503374e-01
1.079922474671491273e+01 8.755171788355808893e-01
1.082990436247262700e+01 8.760488443899818733e-01
1.086058397823033950e+01 8.767126533400489974e-01
1.089126359398805199e+01 8.775028122783731233e-01
1.092194320974576449e+01 8.784154373926014170e-01
1.095262282550347699e+01 8.794360856959578809e-01
1.098330244126119126e+01 8.805593468154886416e-01
1.101398205701890376e+01 8.817760384176064337e-01
1.104466167277661626e+01 8.830781232777827894e-01
1.107534128853432875e+01 8.844611991012499841e-01
1.110602090429204125e+01 8.859095297236364575e-01
1.113670052004975375e+01 8.874207765953783245e-01
1.116738013580746802e+01 8.889897341438998124e-01
1.119805975156518052e+01 8.906126208971287816e-01
1.122873936732289302e+01 8.922919620075566716e-01
1.125941898308060551e+01 8.940158467830365829e-01
1.129009859883831801e+01 8.957884190452594098e-01
1.132077821459603229e+01 8.976107060037740171e-01
1.135145783035374478e+01 8.994844244922889365e-01
1.138213744611145728e+01 9.014169187504567082e-01
1.141281706186916978e+01 9.033986345865115952e-01
1.144349667762688227e+01 9.054387790675987313e-01
1.147417629338459477e+01 9.075391270234877128e-01
1.150485590914230905e+01 9.097026406610130289e-01
1.153553552490002154e+01 9.119396603174315663e-01
1.156621514065773404e+01 9.142371680992783523e-01
1.159689475641544654e+01 9.166040954583057898e-01
1.162757437217315903e+01 9.190417137564618200e-01
1.165825398793087331e+01 9.215499881011887107e-01
1.168893360368858581e+01 9.241376520123572025e-01
1.171961321944629830e+01 9.267871711266798540e-01
1.175029283520401080e+01 9.295051152620882329e-01
1.178097245096172330e+01 9.322887503958918742e-01
1.181165206671943579e+01 9.351358017291097058e-01
1.184233168247715007e+01 9.380508070494442130e-01
1.187301129823486256e+01 9.410111084782869506e-01
1.190369091399257506e+01 9.440211085650044298e-01
1.193437052975028756e+01 9.470755659342590116e-01
1.196505014550800006e+01 9.501786080631888787e-01
1.199572976126571433e+01 9.533038080427588268e-01
1.202640937702342683e+01 9.564562197735954063e-01
1.205708899278113932e+01 9.596291116312741787e-01
1.208776860853885182e+01 9.628174876398438720e-01
1.211844822429656432e+01 9.660257848836015793e-01
1.214912784005427859e+01 9.692289068825402643e-01
1.217980745581199109e+01 9.724322775780469552e-01
1.221048707156970359e+01 9.756319016742117656e-01
1.224116668732741608e+01 9.788252825522724132e-01
1.227184630308512858e+01 9.820190364117477033e-01
1.230252591884284108e+01 9.851904180789279319e-01
1.233320553460055535e+01 9.883485668909266497e-01
1.236388515035826785e+01 9.914909790000513423e-01
1.239456476611598035e+01 9.946164106197956656e-01
1.242524438187369284e+01 9.977347210762170793e-01
1.245592399763140534e+01 1.000825401521924674e+00
1.248660361338911962e+01 1.003895609249737531e+00
1.251728322914683211e+01 1.006945832611186198e+00
1.254796284490454461e+01 1.009981323824024502e+00
1.257864246066225711e+01 1.012999131961840327e+00
1.260932207641996960e+01 1.015984632136326171e+00
1.264000169217768210e+01 1.018947662189994219e+00
1.267068130793539638e+01 1.021888208423449518e+00
1.270136092369310887e+01 1.024801289660111081e+00
1.273204053945082137e+01 1.027693776639392542e+00
1.276272015520853387e+01 1.030551853031794307e+00
1.279339977096624636e+01 1.033372478943069384e+00
1.282407938672396064e+01 1.036163124997611096e+00
1.285475900248167314e+01 1.038913824245303319e+00
1.288543861823938563e+01 1.041628355509887971e+00
1.291611823399709813e+01 1.044294053156430424e+00
1.294679784975481063e+01 1.046907316843935787e+00
1.297747746551252312e+01 1.049468119067616945e+00
1.300815708127023740e+01 1.051964008484443713e+00
1.303883669702794990e+01 1.054402821009314595e+00
1.306951631278566239e+01 1.056761214160105489e+00
1.310019592854337489e+01 1.059044696961616072e+00
1.313087554430108739e+01 1.061245745482838565e+00
1.316155516005880166e+01 1.063354418166907900e+00
1.319223477581651416e+01 1.065374672072578521e+00
1.322291439157422666e+01 1.067290853181273480e+00
1.325359400733193915e+01 1.069109644734336673e+00
1.328427362308965165e+01 1.070821028649544981e+00
1.331495323884736415e+01 1.072422559128759056e+00
1.334563285460507842e+01 1.073926482202867572e+00
1.337631247036279092e+01 1.075310519936950149e+00
1.340699208612050342e+01 1.076589670040203339e+00
1.343767170187821591e+01 1.077761419232970974e+00
1.346835131763592841e+01 1.078830803253108872e+00
1.349903093339364268e+01 1.079800874095081076e+00
1.352971054915135518e+01 1.080667765446886586e+00
1.356039016490906768e+01 1.081439752520920283e+00
1.359106978066678018e+01 1.082119330646690747e+00
1.362174939642449267e+01 1.082713312547047835e+00
1.365242901218220695e+01 1.083217899271888607e+00
1.368310862793991944e+01 1.083640096958933929e+00
1.371378824369763194e+01 1.083984867885201320e+00
1.374446785945534444e+01 1.084249722565331142e+00
1.377514747521305694e+01 1.084437685570865284e+00
1.380582709097076943e+01 1.084557539709892104e+00
1.383650670672848371e+01 1.084602493992344208e+00
1.386718632248619620e+01 1.084575012251844717e+00
1.389786593824390870e+01 1.084480105402828132e+00
1.392854555400162120e+01 1.084312151296730198e+00
1.395922516975933370e+01 1.084077249942130505e+00
1.398990478551704797e+01 1.083772441544987197e+00
1.402058440127476047e+01 1.083397690538174807e+00
1.405126401703247296e+01 1.082948027437634630e+00
1.408194363279018546e+01 1.082429154348203193e+00
1.411262324854789796e+01 1.081834490728063036e+00
1.414330286430561046e+01 1.081162430025107257e+00
1.417398248006332473e+01 1.080412928011482254e+00
1.420466209582103723e+01 1.079581027857621667e+00
1.423534171157874972e+01 1.078661141316653138e+00
1.426602132733646222e+01 1.077661741038596466e+00
1.429670094309417472e+01 1.076569963520379813e+00
1.432738055885188899e+01 1.075383251998807355e+00
1.435806017460960149e+01 1.074104160472303171e+00
1.438873979036731399e+01 1.072728101208856089e+00
1.441941940612502648e+01 1.071264009149805130e+00
1.445009902188273898e+01 1.069697549941329262e+00
1.448077863764045148e+01 1.068043651619057011e+00
1.451145825339816575e+01 1.066297376292726806e+00
1.454213786915587825e+01 1.064457643971083778e+00
1.457281748491359075e+01 1.062548868036945926e+00
1.460349710067130324e+01 1.060562687700840057e+00
1.463417671642901574e+01 1.058511556662196762e+00
1.466485633218673001e+01 1.056403001273159559e+00
1.469553594794444251e+01 1.054247429780519330e+00
1.472621556370215501e+01 1.052053877081424504e+00
1.475689517945986751e+01 1.049840347801185514e+00
1.478757479521758000e+01 1.047611830835986746e+00
1.481825441097529250e+01 1.045373326365320876e+00
1.484893402673300677e+01 1.043140039434942379e+00
1.487961364249071927e+01 1.040921525695084560e+00
1.491029325824843177e+01 1.038730481475254708e+00
1.494097287400614427e+01 1.036561917374810182e+00
1.497165248976385676e+01 1.034428304050624137e+00
1.500233210552157104e+01 1.032320343073672930e+00
1.503301172127928353e+01 1.030259226853728061e+00
1.506369133703699603e+01 1.028235571416940886e+00
1.509437095279470853e+01 1.026246882864447096e+00
1.512505056855242103e+01 1.024290651858587475e+00
1.515573018431013530e+01 1.022363126999647820e+00
1.518640980006784780e+01 1.020459399865552008e+00
1.521708941582556029e+01 1.018580648151399037e+00
1.524776903158327279e+01 1.016719378784239458e+00
1.527844864734098529e+01 1.014859568482709307e+00
1.530912826309869779e+01 1.013010799150656505e+00
1.533980787885641206e+01 1.011164525215493271e+00
1.537048749461412456e+01 1.009315753581884856e+00
1.540116711037183705e+01 1.007461987304893780e+00
1.543184672612954955e+01 1.005589653815561757e+00
1.546252634188726205e+01 1.003720886237639442e+00
1.549320595764497632e+01 1.001841382741266662e+00
1.552388557340268882e+01 9.999501393268863669e-01
1.555456518916040132e+01 9.980541512985481312e-01
1.558524480491811381e+01 9.961492237734370647e-01
1.561592442067582631e+01 9.942482406113231086e-01
1.564660403643353881e+01 9.923520017001713489e-01
1.567728365219125308e+01 9.904647556298638023e-01
1.570796326794896558e+01 9.885927413131790908e-01
1.573864288370667808e+01 9.867349500258456585e-01
1.576932249946439057e+01 9.849106866762152857e-01
1.580000211522210307e+01 9.831198792704257672e-01
1.583068173097981735e+01 9.813687927325933646e-01
1.586136134673752984e+01 9.796633985925865540e-01
1.589204096249524234e+01 9.780043654803984854e-01
1.592272057825295484e+01 9.764057184061466499e-01
1.595340019401066733e+01 9.748677406675814172e-01
1.598407980976837983e+01 9.733919712027538917e-01
1.601475942552609411e+01 9.719806164918819436e-01
1.604543904128380660e+01 9.706296177691282612e-01
1.607611865704151910e+01 9.693470078204575735e-01
1.610679827279923160e+01 9.681265687082715177e-01
1.613747788855694409e+01 9.669653369217208194e-01
1.616815750431465659e+01 9.658585330283880888e-01
1.619883712007236909e+01 9.647995272744890327e-01
1.622951673583008159e+01 9.637889705317601585e-01
1.626019635158779764e+01 9.628183654241158074e-01
1.629087596734551013e+01 9.618839819391512558e-01
1.632155558310322263e+01 9.609800586346297635e-01
1.635223519886093513e+01 9.601005217124398694e-01
1.638291481461864763e+01 9.592478489919187279e-01
1.641359443037636012e+01 9.584174007608221579e-01
1.644427404613407262e+01 9.576084343535656851e-01
1.647495366189178512e+01 9.568206897724365056e-01
1.650563327764949761e+01 9.560536986807038895e-01
1.653631289340721011e+01 9.553149512887335604e-01
1.656699250916492261e+01 9.546041735458127286e-01
1.659767212492263866e+01 9.539248672014278840e-01
1.662835174068035116e+01 9.532810127383285481e-01
1.665903135643806365e+01 9.526739249617384164e-01
1.668971097219577615e+01 9.521113152239343291e-01
1.672039058795348865e+01 9.515946585025422122e-01
1.675107020371120115e+01 9.511262049514780381e-01
1.678174981946891364e+01 9.507071564667507468e-01
1.681242943522662614e+01 9.503417001346212700e-01
1.684310905098433864e+01 9.500291738626480686e-01
1.687378866674205113e+01 9.497710953359563835e-01
1.690446828249976363e+01 9.495674605029535975e-01
1.693514789825747968e+01 9.494178521706874152e-01
1.696582751401519218e+01 9.493232141511203093e-01
1.699650712977290468e+01 9.492832531352420888e-01
1.702718674553061717e+01 9.492967441714874610e-01
1.705786636128832967e+01 9.493641760386632988e-01
1.708854597704604217e+01 9.494857605865150152e-01
1.711922559280375467e+01 9.496596884030503727e-01
1.714990520856146716e+01 9.498855469958151776e-01
1.718058482431917966e+01 9.501623630728472936e-01
1.721126444007689216e+01 9.504881223929988465e-01
1.724194405583460465e+01 9.508625994894105427e-01
1.727262367159232070e+01 9.512801044955885299e-01
1.730330328735003320e+01 9.517395531918935170e-01
1.733398290310774570e+01 9.522359733589177422e-01
1.736466251886545820e+01 9.527661023211114744e-01
1.739534213462317069e+01 9.533275539203753812e-01
1.742602175038088319e+01 9.539129302253678278e-01
1.745670136613859569e+01 9.545197778345175799e-01
1.748738098189630819e+01 9.551448625138808657e-01
1.751806059765402068e+01 9.557866756952213549e-01
1.754874021341173318e+01 9.564451292590431253e-01
1.757941982916944923e+01 9.571159438956581278e-01
1.761009944492716173e+01 9.578027375741432481e-01
1.764077906068487422e+01 9.585065196575676127e-01
1.767145867644258672e+01 9.592312737814326917e-01
1.770213829220029922e+01 9.599832219608169792e-01
1.773281790795801172e+01 9.607619745317212967e-01
1.776349752371572421e+01 9.615749343824997464e-01
1.779417713947343671e+01 9.624261157507003617e-01
1.782485675523114921e+01 9.633207389290124878e-01
1.785553637098886171e+01 9.642649237640786852e-01
1.788621598674657420e+01 9.652550419611236610e-01
1.791689560250429025e+01 9.662951009220307474e-01
1.794757521826200275e+01 9.673853693199947479e-01
1.797825483401971525e+01 9.685235742979952933e-01
1.800893444977742774e+01 9.697103749052049526e-01
1.803961406553514024e+01 9.709348273970899168e-01
1.807029368129285274e+01 9.721942406139844062e-01
1.810097329705056524e+01 9.734836277367913127e-01
1.813165291280827773e+01 9.747957361406276444e-01
1.816233252856599023e+01 9.761289198136295919e-01
1.819301214432370273e+01 9.774680317591900591e-01
1.822369176008141523e+01 9.788113892016104822e-01
1.825437137583913128e+01 9.801544968771267463e-01
1.828505099159684377e+01 9.814928620682760174e-01
1.831573060735455627e+01 9.828280685090032831e-01
1.834641022311226877e+01 9.841496867300242313e-01
1.837708983886998126e+01 9.854603159178495497e-01
1.840776945462769376e+01 9.867604555527890176e-01
1.843844907038540626e+01 9.880555511261259749e-01
1.846912868614311876e+01 9.893379429978248485e-01
1.849980830190083125e+01 9.906138440421281555e-01
1.853048791765854375e+01 9.918852492912404450e-01
1.856116753341625625e+01 9.931544069198255942e-01
1.859184714917397230e+01 9.944267012386166504e-01
1.862252676493168480e+01 9.956963591753855702e-01
1.865320638068939729e+01 9.969677651519381900e-01
1.868388599644710979e+01 9.982426680771140370e-01
1.871456561220482229e+01 9.995193190420735840e-01
1.874524522796253478e+01 1.000801891250713282e+00
1.877592484372024728e+01 1.002084786840930386e+00
1.880660445947795978e+01 1.003365185932631576e+00
1.883728407523567228e+01 1.004644336035884766e+00
1.886796369099338477e+01 1.005918492052657154e+00
1.889864330675109727e+01 1.007194284463848177e+00
1.892932292250881332e+01 1.008458433326905990e+00
1.896000253826652582e+01 1.009707602109418900e+00
1.899068215402423832e+01 1.010941782091854702e+00
1.902136176978195081e+01 1.012163477640339870e+00
1.905204138553966331e+01 1.013364090714553800e+00
1.908272100129737581e+01 1.014543290113956608e+00
1.911340061705508830e+01 1.015697522712451173e+00
1.914408023281280080e+01 1.016826772412979363e+00
1.917475984857051330e+01 1.017921067888752917e+00
1.920543946432822580e+01 1.018998833688616656e+00
1.923611908008593829e+01 1.020035624608676583e+00
1.926679869584365434e+01 1.021039957306933976e+00
1.929747831160136684e+01 1.022014311199066272e+00
1.932815792735907934e+01 1.022951215208441011e+00
1.935883754311679184e+01 1.023861066982716617e+00
1.938951715887450433e+01 1.024732968096332186e+00
1.942019677463221683e+01 1.025569912011546680e+00
1.945087639038992933e+01 1.026374380920648033e+00
1.948155600614764182e+01 1.027141400153691153e+00
1.951223562190535432e+01 1.027883315126661534e+00
1.954291523766306682e+01 1.028585330066642989e+00
1.957359485342077932e+01 1.029249888518723788e+00
1.960427446917849537e+01 1.029879476077604217e+00
1.963495408493620786e+01 1.030466621332248200e+00
1.966563370069392036e+01 1.031018054359948755e+00
1.969631331645163286e+01 1.031522700614295740e+00
1.972699293220934535e+01 1.031984893522697844e+00
1.975767254796705785e+01 1.032397131141250979e+00
1.978835216372477035e+01 1.032764427367063531e+00
1.981903177948248285e+01 1.033080274318008307e+00
1.984971139524019534e+01 1.033345077947896984e+00
1.988039101099790784e+01 1.033554938511711985e+00
1.991107062675562034e+01 1.033714846914687291e+00
1.994175024251333639e+01 1.033817590011017362e+00
1.997242985827104889e+01 1.033872509725821232e+00
2.000310947402876138e+01 1.033882489198989951e+00
2.003378908978647388e+01 1.033847512438354155e+00
2.006446870554418638e+01 1.033770079000662090e+00
2.009514832130189887e+01 1.033657271772352448e+00
2.012582793705961137e+01 1.033512343024665103e+00
2.015650755281732387e+01 1.033339952641129100e+00
2.018718716857503637e+01 1.033147580457631998e+00
2.021786678433274886e+01 1.032935229913006125e+00
2.024854640009046136e+01 1.032712144820154387e+00
2.027922601584817741e+01 1.032477296618776297e+00
2.030990563160588991e+01 1.032237455974416296e+00
2.034058524736360241e+01 1.031997615330056739e+00
2.037126486312131490e+01 1.031750283269624591e+00
2.040194447887902740e+01 1.031502137794144680e+00
2.043262409463673990e+01 1.031252293979083134e+00
2.046330371039445239e+01 1.030989968274314661e+00
2.049398332615216489e+01 1.030727642569545743e+00
2.052466294190987739e+01 1.030450334971335868e+00
2.055534255766758989e+01 1.030157073730202599e+00
2.058602217342530594e+01 1.029849763459388168e+00
2.061670178918301843e+01 1.029522479456449036e+00
2.064738140494073093e+01 1.029170213510045562e+00
2.067806102069844343e+01 1.028792979305743982e+00
2.070874063645615593e+01 1.028386927515723581e+00
2.073942025221386842e+01 1.027954694897429411e+00
2.077009986797158092e+01 1.027492501989027529e+00
2.080077948372929342e+01 1.027005325787686330e+00
2.083145909948700591e+01 1.026490686116097395e+00
2.086213871524471841e+01 1.025949293793581685e+00
2.089281833100243091e+01 1.025389653681387347e+00
2.092349794676014696e+01 1.024810038790850752e+00
2.095417756251785946e+01 1.024210438517566102e+00
2.098485717827557195e+01 1.023600850855110878e+00
2.101553679403328445e+01 1.022974241947034013e+00
2.104621640979099695e+01 1.022342157906637183e+00
2.107689602554870945e+01 1.021702582855010588e+00
2.110757564130642194e+01 1.021050517721418860e+00
2.113825525706413444e+01 1.020390961900249804e+00
2.116893487282184694e+01 1.019716721893063172e+00
2.119961448857955943e+01 1.019032170821360106e+00
2.123029410433727193e+01 1.018335133948688798e+00
2.126097372009498798e+01 1.017615616336534634e+00
2.129165333585270048e+01 1.016876124803550496e+00
2.132233295161041298e+01 1.016114154742892461e+00
2.135301256736812547e+01 1.015327168417974546e+00
2.138369218312583797e+01 1.014517706243259543e+00
2.141437179888355047e+01 1.013678271626639038e+00
2.144505141464126297e+01 1.012808876848928286e+00
2.147573103039897546e+01 1.011914070098792973e+00
2.150641064615668796e+01 1.010994673159521851e+00
2.153709026191440046e+01 1.010052798962399967e+00
2.156776987767211295e+01 1.009090944388944422e+00
2.159844949342982900e+01 1.008113403957800358e+00
2.162912910918754150e+01 1.007124051817995580e+00
2.165980872494525400e+01 1.006124715799828762e+00
2.169048834070296650e+01 1.005125379781662387e+00
2.172116795646067899e+01 1.004123546372904574e+00
2.175184757221839149e+01 1.003123461650820669e+00
2.178252718797610399e+01 1.002131381446007774e+00
2.181320680373381649e+01 1.001151284142125730e+00
2.184388641949152898e+01 1.000177930860431719e+00
2.187456603524924148e+01 9.992160648557852909e-01
2.190524565100695398e+01 9.982651089082408280e-01
2.193592526676467003e+01 9.973302399395057583e-01
2.196660488252238252e+01 9.964073551544867513e-01
2.199728449828009502e+01 9.954972098759414800e-01
2.202796411403780752e+01 9.945990505703100615e-01
2.205864372979552002e+01 9.937087497124423852e-01
2.208932334555323251e+01 9.928315901269114674e-01
2.212000296131094501e+01 9.919644172376291813e-01
2.215068257706865751e+01 9.911069869340420890e-01
2.218136219282637001e+01 9.902587952390430326e-01
2.221204180858408250e+01 9.894176213725062174e-01
2.224272142434179500e+01 9.885894294983902375e-01
2.227340104009951105e+01 9.877724727016228279e-01
2.230408065585722355e+01 9.869672577049850570e-01
2.233476027161493604e+01 9.861755252382107262e-01
2.236543988737264854e+01 9.853960119105243942e-01
2.239611950313036104e+01 9.846360286214095314e-01
2.242679911888807354e+01 9.838945212959300246e-01
2.245747873464578603e+01 9.831742492509462084e-01
2.248815835040349853e+01 9.824764472909041091e-01
2.251883796616121103e+01 9.818017014120976604e-01
2.254951758191892353e+01 9.811563972162196112e-01
2.258019719767663602e+01 9.805408062290290605e-01
2.261087681343435207e+01 9.799564416398782729e-01
2.264155642919206457e+01 9.794057820037515016e-01
2.267223604494977707e+01 9.788881876048554087e-01
2.270291566070748956e+01 9.784095247816821939e-01
2.273359527646520206e+01 9.779683179296617679e-01
2.276427489222291456e+01 9.775665787728464728e-01
2.279495450798062706e+01 9.772047864205541945e-01
2.282563412373833955e+01 9.768821873843189785e-01
2.285631373949605205e+01 9.766011421427183148e-01
2.288699335525376455e+01 9.763603021623400435e-01
2.291767297101147705e+01 9.761589274052503429e-01
2.294835258676919310e+01 9.759967505796970366e-01
2.297903220252690559e+01 9.758726579553179681e-01
2.300971181828461809e+01 9.757849796933383280e-01
2.304039143404233059e+01 9.757322647183801489e-01
2.307107104980004308e+01 9.757127683885634672e-01
2.310175066555775558e+01 9.757250668389279014e-01
2.313243028131546808e+01 9.757655665794395805e-01
2.316310989707318058e+01 9.758330294977913821e-01
2.319378951283089307e+01 9.759244687434537324e-01
2.322446912858860557e+01 9.760376361176762439e-01
2.325514874434631807e+01 9.761707361798539484e-01
2.328582836010403412e+01 9.763194017311755957e-01
2.331650797586174662e+01 9.764835459196600231e-01
2.334718759161945911e+01 9.766601785608709507e-01
2.337786720737717161e+01 9.768480491852412628e-01
2.340854682313488411e+01 9.770470668568818073e-01
2.343922643889259660e+01 9.772546873113726607e-01
2.346990605465030910e+01 9.774720450154376072e-01
2.350058567040802160e+01 9.777001434615841813e-01
2.353126528616573410e+01 9.779397289041770192e-01
2.356194490192344659e+01 9.781941445372589472e-01
2.359262451768115909e+01 9.784637304023131588e-01
2.362330413343887514e+01 9.787520419066075839e-01
2.365398374919658764e+01 9.790630852422618213e-01
2.368466336495430014e+01 9.794000975514930429e-01
2.371534298071201263e+01 9.797670586092538381e-01
2.374602259646972513e+01 9.801658190739291898e-01
2.377670221222743763e+01 9.805990339580514803e-01
2.380738182798515012e+01 9.810699710566124221e-01
2.383806144374286262e+01 9.815791101168399591e-01
2.386874105950057512e+01 9.821292850790500628e-01
2.389942067525828762e+01 9.827159202397774962e-01
2.393010029101600367e+01 9.833395062445209334e-01
2.396077990677371616e+01 9.839978188464880704e-01
2.399145952253142866e+01 9.846865912346836058e-01
2.402213913828914116e+01 9.854041895739120704e-01
2.405281875404685366e+01 9.861407101461170388e-01
2.408349836980456615e+01 9.868934600018008929e-01
2.411417798556227865e+01 9.876557030451995622e-01
2.414485760131999115e+01 9.884224403782657653e-01
2.417553721707770364e+01 9.891891680010452825e-01
2.420621683283541614e+01 9.899459084841166767e-01
2.423689644859312864e+01 9.906904138176508834e-01
2.426757606435084469e+01 9.914181822105375685e-01
2.429825568010855719e+01 9.921247293432164938e-01
2.432893529586626968e+01 9.928102567916604615e-01
2.435961491162398218e+01 9.934680567325909761e-01
2.439029452738169468e+01 9.940991374280632176e-01
2.442097414313940718e+01 9.947024914957789399e-01
2.445165375889711967e+01 9.952793805317056153e-01
2.448233337465483217e+01 9.958323231852365121e-01
2.451301299041254467e+01 9.963592138975094770e-01
2.454369260617025716e+01 9.968643782546926513e-01
2.457437222192796966e+01 9.973503100297222979e-01
2.460505183768568571e+01 9.978195134460400295e-01
2.463573145344339821e+01 9.982762095071453512e-01
2.466641106920111071e+01 9.987244082859703109e-01
2.469709068495882320e+01 9.991631167979454498e-01
2.472777030071653570e+01 9.995980789376832654e-01
2.475844991647424820e+01 1.000033710130948883e+00
2.478912953223196070e+01 1.000470175908654724e+00
2.481980914798967319e+01 1.000912632675648117e+00
2.485048876374738569e+01 1.001357587037736918e+00
2.488116837950509819e+01 1.001814529040022883e+00
2.491184799526281068e+01 1.002280738689305339e+00
2.494252761102052673e+01 1.002752933951706948e+00
2.497320722677823923e+01 1.003235114757472068e+00
2.500388684253595173e+01 1.003722291066328376e+00
2.503456645829366423e+01 1.004214461912365852e+00
2.506524607405137672e+01 1.004715746639757601e+00
2.509592568980908922e+01 1.005212916308795279e+00
2.512660530556680172e+01 1.005710084249635816e+00
2.515728492132451422e+01 1.006197260558491680e+00
2.518796453708222671e+01 1.006679442643067635e+00
2.521864415283993921e+01 1.007145654382481270e+00
2.524932376859765171e+01 1.007600332915211450e+00
2.528000338435536776e+01 1.008030044922632262e+00
2.531068300011308025e+01 1.008437274350035162e+00
2.534136261587079275e+01 1.008819534220540159e+00
2.537204223162850525e+01 1.009180450516558025e+00
2.540272184738621775e+01 1.009507717050579734e+00
2.543340146314393024e+01 1.009812512987189548e+00
2.546408107890164274e+01 1.010084832052140058e+00
2.549476069465935524e+01 1.010334679923936108e+00
2.552544031041706774e+01 1.010557759325972915e+00
2.555611992617478023e+01 1.010755116830992284e+00
2.558679954193249273e+01 1.010934997314262063e+00
2.561747915769020878e+01 1.011094891375584170e+00
2.564815877344792128e+01 1.011234811996179594e+00
2.567883838920563377e+01 1.011362643803213279e+00
2.570951800496334627e+01 1.011477558648089081e+00
2.574019762072105877e+01 1.011577492249905674e+00
2.577087723647877127e+01 1.011669931412843004e+00
2.580155685223648376e+01 1.011749887562831240e+00
2.583223646799419626e+01 1.011827580182071973e+00
2.586291608375190876e+01 1.011895030124291051e+00
2.589359569950962126e+01 1.011952491945335542e+00
2.592427531526733375e+01 1.012002459796852216e+00
2.595495493102504980e+01 1.012039944948320391e+00
2.598563454678276230e+01 1.012077525319303506e+00
2.601631416254047480e+01 1.012100006919808060e+00
2.604699377829818729e+01 1.012114996960080671e+00
2.607767339405589979e+01 1.012122493500176468e+00
2.610835300981361229e+01 1.012124996173437541e+00
2.613903262557132479e+01 1.012117486715972570e+00
2.616971224132903728e+01 1.012104991028341727e+00
2.620039185708674978e+01 1.012082505967933255e+00
2.623107147284446228e+01 1.012062518584466053e+00
2.626175108860217478e+01 1.012032547796154258e+00
2.629243070435989083e+01 1.011999967495384567e+00
2.632311032011760332e+01 1.011967488234393420e+00
2.635378993587531582e+01 1.011932511473757623e+00
2.638446955163302832e+01 1.011890042151648350e+00
2.641514916739074081e+01 1.011847419922816460e+00
2.644582878314845331e+01 1.011797450778003427e+00
2.647650839890616581e+01 1.011744984269149716e+00
2.650718801466387831e+01 1.011687522448105225e+00
2.653786763042159080e+01 1.011620071170897139e+00
2.656854724617930330e+01 1.011534857645876473e+00
2.659922686193701580e+01 1.011442403752017327e+00
2.662990647769473185e+01 1.011332471515023146e+00
2.666058609345244435e+01 1.011197561152570756e+00
2.669126570921015684e+01 1.011045170336985599e+00
2.672194532496786934e+01 1.010869701032377943e+00
2.675262494072558184e+01 1.010667317209666072e+00
2.678330455648329433e+01 1.010442463266136182e+00
2.681398417224100683e+01 1.010195127601640319e+00
2.684466378799871933e+01 1.009920324374604217e+00
2.687534340375643183e+01 1.009627051117502727e+00
2.690602301951414432e+01 1.009309750684415086e+00
2.693670263527186037e+01 1.008977470385381325e+00
2.696738225102957287e+01 1.008632699459113713e+00
2.699806186678728537e+01 1.008275444059398618e+00
2.702874148254499787e+01 1.007914510181675327e+00
2.705942109830271036e+01 1.007552254311295581e+00
2.709010071406042286e+01 1.007194991801097617e+00
2.712078032981813536e+01 1.006842725854693921e+00
2.715145994557584785e+01 1.006502943599485889e+00
2.718213956133356035e+01 1.006172094077522061e+00
2.721281917709127285e+01 1.005857315725018575e+00
2.724349879284898535e+01 1.005562511599659592e+00
2.727417840860670140e+01 1.005285195166502943e+00
2.730485802436441389e+01 1.005027852075770722e+00
2.733553764012212639e+01 1.004784724135912688e+00
2.736621725587983889e+01 1.004559879152632895e+00
2.739689687163755138e+01 1.004345021908727320e+00
2.742757648739526388e+01 1.004145153176577931e+00
2.745825610315297638e+01 1.003950278823621201e+00
2.748893571891068888e+01 1.003764784755750039e+00
2.751961533466840137e+01 1.003579906343637473e+00
2.755029495042611387e+01 1.003392530840231389e+00
2.758097456618382637e+01 1.003205155336825305e+00
2.761165418194154242e+01 1.003005298488980346e+00
2.764233379769925492e+01 1.002799765783045194e+00
2.767301341345696741e+01 1.002587150382143522e+00
2.770369302921467991e+01 1.002359301770001876e+00
2.773437264497239241e+01 1.002119713627617870e+00
2.776505226073010490e+01 1.001875879426119109e+00
2.779573187648781740e+01 1.001614716797653015e+00
2.782641149224552990e+01 1.001342146869262484e+00
2.785709110800324240e+01 1.001066829796257718e+00
2.788777072376095489e+01 1.000783270590645868e+00
2.791845033951866739e+01 1.000494520380807328e+00
2.794912995527638344e+01 1.000202214351558094e+00
2.797980957103409594e+01 9.999096585763599387e-01
2.801048918679180844e+01 9.996166032890326791e-01
2.804116880254952093e+01 9.993237977476543410e-01
2.807184841830723343e+01 9.990345457826551590e-01
2.810252803406494593e+01 9.987467406620702537e-01
2.813320764982265842e+01 9.984629299181556616e-01
2.816388726558037092e+01 9.981818666630464243e-01
2.819456688133808342e+01 9.979035504412815394e-01
2.822524649709579592e+01 9.976263342523519206e-01
2.825592611285350841e+01 9.973520171533014622e-01
2.828660572861122446e+01 9.970784490582780268e-01
2.831728534436893696e+01 9.968056303253185479e-01
2.834796496012664946e+01 9.965343098803132182e-01
2.837864457588436196e+01 9.962631101425097890e-01
2.840932419164207445e+01 9.959947901946352156e-01
2.844000380739978695e+01 9.957287175688911418e-01
2.847068342315749945e+01 9.954673912001404945e-01
2.850136303891521194e+01 9.952120576077251313e-01
2.853204265467292444e+01 9.949639200167811337e-01
2.856272227043063694e+01 9.947265865988761391e-01
2.859340188618834944e+01 9.945014870670147999e-01
2.862408150194606549e+01 9.942911268351907195e-01
2.865476111770377798e+01 9.940967463389775993e-01
2.868544073346149048e+01 9.939207926839297436e-01
2.871612034921920298e+01 9.937646600193320578e-01
2.874679996497691548e+01 9.936290001548658823e-01
2.877747958073462797e+01 9.935148259902628620e-01
2.880815919649234047e+01 9.934208749358215407e-01
2.883883881225005297e+01 9.933471817308956453e-01
2.886951842800776546e+01 9.932932289908708023e-01
2.890019804376547796e+01 9.932582522302347838e-01
2.893087765952319046e+01 9.932392638263537465e-01
2.896155727528090651e+01 9.932357548708963257e-01
2.899223689103861901e+01 9.932450249344968451e-01
2.902291650679633150e+01 9.932657663992601194e-01
2.905359612255404400e+01 9.932962461478143101e-01
2.908427573831175650e+01 9.933344697716750549e-01
2.911495535406946900e+01 9.933784360123470991e-01
2.914563496982718149e+01 9.934275595170510842e-01
2.917631458558489399e+01 9.934797757742012125e-01
2.920699420134260649e+01 9.935339897531868525e-01
2.923767381710031898e+01 9.935894526660933312e-01
2.926835343285803148e+01 9.936454150566791377e-01
2.929903304861574753e+01 9.937005581311156854e-01
2.932971266437346003e+01 9.937545213479260786e-01
2.936039228013117253e+01 9.938062369868660983e-01
2.939107189588888502e+01 9.938559544566928361e-01
2.942175151164659752e+01 9.939034249773034402e-01
2.945243112740431002e+01 9.939477923312420860e-01
2.948311074316202252e+01 9.939895136476650794e-01
2.951379035891973501e+01 9.940284877523736240e-01
2.954446997467744751e+01 9.940662130796114049e-01
2.957514959043516001e+01 9.941023073439886337e-01
2.960582920619287250e+01 9.941377840104689279e-01
2.963650882195058855e+01 9.941735109196783160e-01
2.966718843770830105e+01 9.942114856883685903e-01
2.969786805346601355e+01 9.942517081157005165e-01
2.972854766922372605e+01 9.942955753080570114e-01
2.975922728498143854e+01 9.943440482153174109e-01
2.978990690073915104e+01 9.943982633182018027e-01
2.982058651649686354e+01 9.944574739772781280e-01
2.985126613225457604e+01 9.945231774656592139e-01
2.988194574801228853e+01 9.945948647425715272e-01
2.991262536377000103e+01 9.946718175403321816e-01
2.994330497952771708e+01 9.947535138680658751e-01
2.997398459528542958e+01 9.948389570976190477e-01
3.000466421104314207e+01 9.949271471213211315e-01
3.003534382680085457e+01 9.950176302669568873e-01
3.006602344255856707e+01 9.951088194877143467e-01
3.009670305831627957e+01 9.951997590653675063e-01
3.012738267407399206e+01 9.952906986430206659e-01
3.015806228983170456e+01 9.953808891419320126e-01
3.018874190558941706e+01 9.954711231915128744e-01
3.021942152134712956e+01 9.955613139681733781e-01
3.025010113710484205e+01 9.956525034724292844e-01
3.028078075286255810e+01 9.957461912241324375e-01
3.031146036862027060e+01 9.958443731666756227e-01
3.034213998437798310e+01 9.959481448945293192e-01
3.037281960013569559e+01 9.960593267725185163e-01
3.040349921589340809e+01 9.961794969287030010e-01
3.043417883165112059e+01 9.963104096725179382e-01
3.046485844740883309e+01 9.964533064488424463e-01
3.049553806316654558e+01 9.966089592234317340e-01
3.052621767892425808e+01 9.967776042307912032e-01
3.055689729468197058e+01 9.969584840500793632e-01
3.058757691043968308e+01 9.971513548441321984e-01
3.061825652619739913e+01 9.973549614727270640e-01
3.064893614195511162e+01 9.975680081147770828e-01
3.067961575771282412e+01 9.977871147182024725e-01
3.071029537347053662e+01 9.980104663182627345e-01
3.074097498922824911e+01 9.982370652706027414e-01
3.077165460498596161e+01 9.984591713667143598e-01
3.080233422074367411e+01 9.986809893780034253e-01
3.083301383650138661e+01 9.988955927316012229e-01
3.086369345225909910e+01 9.991012061173389913e-01
3.089437306801681160e+01 9.992950798109206945e-01
3.092505268377452410e+01 9.994787167962074781e-01
3.095573229953224015e+01 9.996464107085846207e-01
3.098641191528995265e+01 9.997989999999999933e-01
3.101709153104766514e+01 9.997989999999999933e-01
3.104777114680537764e+01 9.997989999999999933e-01
3.107845076256309014e+01 9.997989999999999933e-01
3.110913037832080263e+01 9.997989999999999933e-01
3.113980999407851513e+01 9.997989999999999933e-01
3.117048960983622763e+01 9.997989999999999933e-01
3.120116922559394013e+01 9.997989999999999933e-01
3.123184884135165262e+01 9.997989999999999933e-01
3.126252845710936512e+01 9.997989999999999933e-01
3.129320807286708117e+01 9.997989999999999933e-01
3.132388768862479367e+01 9.997989999999999933e-01
3.135456730438250617e+01 9.997989999999999933e-01
3.138524692014021866e+01 9.997989999999999933e-01
3.141592653589793116e+01 9.997989999999999933e-01
