# Description:
#    Pair correlation functions for linear polymer grafted nanoparticle composite
# 
# Source:
#   Modica, K.J.; Martin, T.B.; Jayaraman, A.J.; Effect of Architecture on the Structure
#   and Interactions of Polymer Grafted Particles: Theory and Simulation, Macromolecules, 
#   2017, 50 (12), pp 4854-4866
#
# Diameter: 5d
# Grafting Density:  0.32 chains/d^2
# Graft Length: 20
# Graft Type: linear
# Matrix Length: 10
# dr: 0.1 d
# dk: 0.031 d^-1
# length: 1024
# G(r) Pair: Particle-Particle
# 
# r                      Particle-Particle G(r)
# 
1.000000000000000056e-01 0.000000000000000000e+00
2.000000000000000111e-01 0.000000000000000000e+00
3.000000000000000444e-01 0.000000000000000000e+00
4.000000000000000222e-01 0.000000000000000000e+00
5.000000000000000000e-01 0.000000000000000000e+00
5.999999999999999778e-01 0.000000000000000000e+00
7.000000000000000666e-01 0.000000000000000000e+00
8.000000000000000444e-01 0.000000000000000000e+00
9.000000000000000222e-01 0.000000000000000000e+00
1.000000000000000000e+00 0.000000000000000000e+00
1.100000000000000089e+00 0.000000000000000000e+00
1.200000000000000178e+00 0.000000000000000000e+00
1.300000000000000266e+00 0.000000000000000000e+00
1.400000000000000133e+00 0.000000000000000000e+00
1.500000000000000222e+00 0.000000000000000000e+00
1.600000000000000089e+00 0.000000000000000000e+00
1.700000000000000178e+00 0.000000000000000000e+00
1.800000000000000266e+00 0.000000000000000000e+00
1.900000000000000133e+00 0.000000000000000000e+00
2.000000000000000000e+00 0.000000000000000000e+00
2.100000000000000089e+00 0.000000000000000000e+00
2.200000000000000178e+00 0.000000000000000000e+00
2.300000000000000266e+00 0.000000000000000000e+00
2.400000000000000355e+00 0.000000000000000000e+00
2.500000000000000444e+00 0.000000000000000000e+00
2.600000000000000089e+00 0.000000000000000000e+00
2.700000000000000178e+00 0.000000000000000000e+00
2.800000000000000266e+00 0.000000000000000000e+00
2.900000000000000355e+00 0.000000000000000000e+00
3.000000000000000444e+00 0.000000000000000000e+00
3.100000000000000089e+00 0.000000000000000000e+00
3.200000000000000178e+00 0.000000000000000000e+00
3.300000000000000266e+00 0.000000000000000000e+00
3.400000000000000355e+00 0.000000000000000000e+00
3.500000000000000444e+00 0.000000000000000000e+00
3.600000000000000089e+00 0.000000000000000000e+00
3.700000000000000178e+00 0.000000000000000000e+00
3.800000000000000266e+00 0.000000000000000000e+00
3.900000000000000355e+00 0.000000000000000000e+00
4.000000000000000000e+00 0.000000000000000000e+00
4.099999999999999645e+00 0.000000000000000000e+00
4.200000000000000178e+00 0.000000000000000000e+00
4.299999999999999822e+00 0.000000000000000000e+00
4.399999999999999467e+00 0.000000000000000000e+00
4.500000000000000000e+00 0.000000000000000000e+00
4.599999999999999645e+00 0.000000000000000000e+00
4.700000000000000178e+00 0.000000000000000000e+00
4.799999999999999822e+00 0.000000000000000000e+00
4.900000000000000355e+00 0.000000000000000000e+00
5.000000000000000000e+00 0.000000000000000000e+00
5.099999999999999645e+00 7.873246790230293835e-01
5.200000000000000178e+00 3.272196639265383400e-01
5.299999999999999822e+00 1.825419601389973723e-01
5.400000000000000355e+00 1.295284071231943557e-01
5.500000000000000000e+00 1.114116431982425937e-01
5.599999999999999645e+00 1.114553675044898107e-01
5.700000000000000178e+00 1.244994231715472743e-01
5.799999999999999822e+00 1.513886841892317925e-01
5.900000000000000355e+00 1.942259842348756926e-01
6.000000000000000000e+00 2.394814648212919561e-01
6.099999999999999645e+00 2.417183384892069853e-01
6.200000000000000178e+00 2.075648997064778456e-01
6.299999999999999822e+00 1.871331792428539975e-01
6.400000000000000355e+00 1.818879785089534407e-01
6.500000000000000000e+00 1.893036454558872927e-01
6.599999999999999645e+00 2.056757117719363315e-01
6.700000000000000178e+00 2.272792227405017185e-01
6.799999999999999822e+00 2.487643697357498906e-01
6.900000000000000355e+00 2.651601516632260402e-01
7.000000000000000000e+00 2.706167915943437086e-01
7.099999999999999645e+00 2.681020082092362422e-01
7.200000000000000178e+00 2.656278436851291502e-01
7.299999999999999822e+00 2.688794156319191941e-01
7.400000000000000355e+00 2.783744314265930164e-01
7.500000000000000000e+00 2.916385009073586554e-01
7.599999999999999645e+00 3.068012347615985957e-01
7.700000000000000178e+00 3.218466233860333148e-01
7.799999999999999822e+00 3.346165911510370350e-01
7.900000000000000355e+00 3.455340762962139101e-01
8.000000000000000000e+00 3.542874898290253594e-01
8.099999999999999645e+00 3.631598669154643133e-01
8.199999999999999289e+00 3.741238150261489981e-01
8.300000000000000711e+00 3.870760504294781246e-01
8.400000000000000355e+00 4.011104915520476988e-01
8.500000000000000000e+00 4.162186280165413033e-01
8.599999999999999645e+00 4.315948835965377484e-01
8.699999999999999289e+00 4.467042449100970813e-01
8.800000000000000711e+00 4.613533929187684235e-01
8.900000000000000355e+00 4.760829569659343896e-01
9.000000000000000000e+00 4.911517079109903872e-01
9.099999999999999645e+00 5.064388433267863476e-01
9.199999999999999289e+00 5.231794737878833201e-01
9.300000000000000711e+00 5.406530984564109632e-01
9.400000000000000355e+00 5.589223108042467025e-01
9.500000000000000000e+00 5.768778334014208475e-01
9.599999999999999645e+00 5.939260511119419661e-01
9.700000000000001066e+00 6.116181538271520113e-01
9.800000000000000711e+00 6.288472330515015862e-01
9.900000000000000355e+00 6.458451479460387556e-01
1.000000000000000000e+01 6.633531511936787695e-01
1.009999999999999964e+01 6.801669835141779252e-01
1.020000000000000107e+01 6.978577974405169027e-01
1.030000000000000071e+01 7.164809754931837915e-01
1.040000000000000036e+01 7.349762098743090055e-01
1.050000000000000000e+01 7.527291336062779115e-01
1.059999999999999964e+01 7.702356385112795190e-01
1.070000000000000107e+01 7.878062362181249556e-01
1.080000000000000071e+01 8.057572424706916925e-01
1.090000000000000036e+01 8.230194888461942471e-01
1.100000000000000000e+01 8.393140871844693152e-01
1.109999999999999964e+01 8.542005267455713424e-01
1.120000000000000107e+01 8.681133228170041516e-01
1.130000000000000071e+01 8.812401545465116115e-01
1.140000000000000036e+01 8.932111569091438774e-01
1.150000000000000000e+01 9.062955781641587327e-01
1.159999999999999964e+01 9.195898351241543756e-01
1.170000000000000107e+01 9.321027929643792564e-01
1.180000000000000071e+01 9.434978210199325144e-01
1.190000000000000036e+01 9.537945158348011265e-01
1.200000000000000000e+01 9.634265712640335266e-01
1.209999999999999964e+01 9.734788422049200918e-01
1.220000000000000107e+01 9.826384963718221011e-01
1.230000000000000071e+01 9.909473631580481001e-01
1.240000000000000036e+01 9.989088545074387149e-01
1.250000000000000000e+01 1.006592827616321184e+00
1.259999999999999964e+01 1.013704189527447896e+00
1.270000000000000107e+01 1.019401910893942054e+00
1.280000000000000071e+01 1.023778807477884412e+00
1.290000000000000036e+01 1.029154981115985024e+00
1.300000000000000000e+01 1.033785691626861292e+00
1.309999999999999964e+01 1.037048243957295446e+00
1.320000000000000107e+01 1.040006315978845519e+00
1.330000000000000071e+01 1.042799636564386789e+00
1.340000000000000036e+01 1.045624595263027201e+00
1.350000000000000000e+01 1.047597337707883991e+00
1.359999999999999964e+01 1.050070488853760420e+00
1.370000000000000107e+01 1.052111841402049164e+00
1.380000000000000071e+01 1.053176539857360927e+00
1.390000000000000036e+01 1.053810142441810038e+00
1.400000000000000000e+01 1.054035410578486820e+00
1.409999999999999964e+01 1.053901973887282573e+00
1.420000000000000107e+01 1.053520226562121742e+00
1.430000000000000071e+01 1.053390681107971627e+00
1.440000000000000036e+01 1.053804075289766828e+00
1.450000000000000000e+01 1.054164110013491751e+00
1.459999999999999964e+01 1.054399816329974371e+00
1.470000000000000107e+01 1.054315690009250961e+00
1.480000000000000071e+01 1.054297369143669894e+00
1.490000000000000036e+01 1.053891036628725741e+00
1.500000000000000000e+01 1.053180880255295548e+00
1.509999999999999964e+01 1.052298353059074598e+00
1.520000000000000107e+01 1.051491048453704780e+00
1.530000000000000071e+01 1.050722591919101223e+00
1.540000000000000036e+01 1.050137656392032826e+00
1.550000000000000000e+01 1.049551247866512771e+00
1.559999999999999964e+01 1.048744594075733838e+00
1.570000000000000107e+01 1.047878206161839243e+00
1.580000000000000071e+01 1.046907515175577119e+00
1.590000000000000036e+01 1.045938153202922605e+00
1.600000000000000000e+01 1.044886454846483126e+00
1.610000000000000142e+01 1.043897570982901035e+00
1.620000000000000284e+01 1.043029768889820907e+00
1.630000000000000071e+01 1.042181804517559485e+00
1.640000000000000213e+01 1.041519071436100896e+00
1.650000000000000355e+01 1.040820252526826639e+00
1.660000000000000142e+01 1.040052081938805495e+00
1.670000000000000284e+01 1.039256630638913270e+00
1.680000000000000071e+01 1.038430081427562657e+00
1.690000000000000213e+01 1.037534403007977168e+00
1.700000000000000355e+01 1.036585401436823872e+00
1.710000000000000142e+01 1.035741201472244910e+00
1.720000000000000284e+01 1.034924428839099741e+00
1.730000000000000071e+01 1.034192941933636423e+00
1.740000000000000213e+01 1.033464056801023156e+00
1.750000000000000355e+01 1.032747800195701782e+00
1.760000000000000142e+01 1.031976448101084465e+00
1.770000000000000284e+01 1.031191900329933020e+00
1.780000000000000071e+01 1.030326837374437643e+00
1.790000000000000213e+01 1.029471208366046442e+00
1.800000000000000355e+01 1.028652844374944086e+00
1.810000000000000142e+01 1.027877162336762851e+00
1.820000000000000284e+01 1.027116528477938662e+00
1.830000000000000071e+01 1.026385277133235574e+00
1.840000000000000213e+01 1.025653275608317205e+00
1.850000000000000355e+01 1.024907816599085919e+00
1.860000000000000142e+01 1.024145390898432817e+00
1.870000000000000284e+01 1.023390801183254872e+00
1.880000000000000071e+01 1.022646041143999041e+00
1.890000000000000213e+01 1.021920854373105758e+00
1.900000000000000355e+01 1.021204393714631564e+00
1.910000000000000142e+01 1.020508034141879961e+00
1.920000000000000284e+01 1.019817741143928203e+00
1.930000000000000426e+01 1.019128926609908392e+00
1.940000000000000213e+01 1.018444729357615763e+00
1.950000000000000355e+01 1.017760894095433022e+00
1.960000000000000142e+01 1.017082188153631828e+00
1.970000000000000284e+01 1.016419361808967636e+00
1.980000000000000426e+01 1.015768350858395230e+00
1.990000000000000213e+01 1.015134540155968157e+00
2.000000000000000355e+01 1.014513753735886592e+00
2.010000000000000142e+01 1.013908322747304691e+00
2.020000000000000284e+01 1.013314874956153133e+00
2.030000000000000426e+01 1.012735766581732033e+00
2.040000000000000213e+01 1.012168950618415719e+00
2.050000000000000355e+01 1.011616239201805101e+00
2.060000000000000142e+01 1.011077127858139413e+00
2.070000000000000284e+01 1.010553392518735105e+00
2.080000000000000426e+01 1.010044202440456340e+00
2.090000000000000213e+01 1.009549882444463087e+00
2.100000000000000355e+01 1.009070251794850437e+00
2.110000000000000142e+01 1.008605277618347618e+00
2.120000000000000284e+01 1.008155164804343862e+00
2.130000000000000426e+01 1.007719398183535509e+00
2.140000000000000213e+01 1.007299038396303192e+00
2.150000000000000355e+01 1.006893527118417175e+00
2.160000000000000142e+01 1.006503407582155951e+00
2.170000000000000284e+01 1.006127773640786316e+00
2.180000000000000426e+01 1.005768201903500136e+00
2.190000000000000213e+01 1.005423228615117237e+00
2.200000000000000355e+01 1.005093904057047238e+00
2.210000000000000142e+01 1.004778572417766025e+00
2.220000000000000284e+01 1.004479118498738055e+00
2.230000000000000426e+01 1.004193025380110793e+00
2.240000000000000213e+01 1.003921458965882474e+00
2.250000000000000355e+01 1.003661937003750060e+00
2.260000000000000142e+01 1.003416388338063570e+00
2.270000000000000284e+01 1.003182349683992891e+00
2.280000000000000426e+01 1.002961573446752075e+00
2.290000000000000213e+01 1.002751847114621508e+00
2.300000000000000355e+01 1.002555173478030248e+00
2.310000000000000142e+01 1.002368722738752993e+00
2.320000000000000284e+01 1.002194378215621073e+00
2.330000000000000426e+01 1.002029183220835451e+00
2.340000000000000213e+01 1.001874873097090557e+00
2.350000000000000355e+01 1.001728446568169284e+00
2.360000000000000142e+01 1.001592015151279158e+00
2.370000000000000284e+01 1.001463018597788635e+00
2.380000000000000426e+01 1.001343506511661818e+00
2.390000000000000213e+01 1.001230818451649851e+00
2.400000000000000355e+01 1.001127241376980948e+00
2.410000000000000142e+01 1.001030036504307219e+00
2.420000000000000284e+01 1.000940992791536255e+00
2.430000000000000426e+01 1.000857320768116843e+00
2.440000000000000213e+01 1.000780867469598157e+00
2.450000000000000355e+01 1.000709100612159785e+00
2.460000000000000142e+01 1.000644011064991901e+00
2.470000000000000284e+01 1.000583111490845667e+00
2.480000000000000426e+01 1.000528093004721564e+00
2.490000000000000213e+01 1.000476619001935408e+00
2.500000000000000355e+01 1.000430430204316323e+00
2.510000000000000142e+01 1.000387264331814352e+00
2.520000000000000284e+01 1.000348716527610371e+00
2.530000000000000426e+01 1.000312656421229685e+00
2.540000000000000213e+01 1.000280558029974065e+00
2.550000000000000355e+01 1.000250354831352606e+00
2.560000000000000142e+01 1.000223531639483632e+00
2.570000000000000284e+01 1.000198304710448571e+00
2.580000000000000426e+01 1.000176260164564290e+00
2.590000000000000213e+01 1.000155838401894481e+00
2.600000000000000355e+01 1.000138175603706880e+00
2.610000000000000142e+01 1.000121562309961964e+00
2.620000000000000284e+01 1.000107224928380667e+00
2.630000000000000426e+01 1.000093841926463334e+00
2.640000000000000213e+01 1.000082391287125061e+00
2.650000000000000355e+01 1.000071677493987732e+00
2.660000000000000142e+01 1.000062553528879628e+00
2.670000000000000284e+01 1.000054032756278799e+00
2.680000000000000426e+01 1.000046976029423718e+00
2.690000000000000213e+01 1.000040435151267282e+00
2.700000000000000355e+01 1.000035083530458779e+00
2.710000000000000142e+01 1.000030062888626947e+00
2.720000000000000284e+01 1.000025959324712943e+00
2.730000000000000426e+01 1.000022104121227828e+00
2.740000000000000213e+01 1.000018961309922849e+00
2.750000000000000355e+01 1.000015988972408065e+00
2.760000000000000142e+01 1.000013534861295073e+00
2.770000000000000284e+01 1.000011279270294207e+00
2.780000000000000426e+01 1.000009629475804962e+00
2.790000000000000213e+01 1.000008186870459115e+00
2.800000000000000355e+01 1.000006907197938277e+00
2.810000000000000142e+01 1.000005696798948129e+00
2.820000000000000284e+01 1.000004788218350482e+00
2.830000000000000426e+01 1.000004072647997733e+00
2.840000000000000213e+01 1.000003428389308224e+00
2.850000000000000355e+01 1.000002922952666351e+00
2.860000000000000142e+01 1.000002481072681082e+00
2.870000000000000284e+01 1.000002158818200870e+00
2.880000000000000426e+01 1.000001835716022969e+00
2.890000000000000213e+01 1.000001730829022994e+00
2.900000000000000355e+01 1.000001658208129252e+00
2.910000000000000142e+01 1.000001660128575720e+00
2.920000000000000284e+01 1.000001447853398284e+00
2.930000000000000426e+01 1.000001446217075873e+00
2.940000000000000213e+01 1.000001294065101520e+00
2.950000000000000355e+01 1.000001368428763637e+00
2.960000000000000142e+01 1.000001305489030878e+00
2.970000000000000284e+01 1.000001542785505793e+00
2.980000000000000426e+01 1.000001528386612160e+00
2.990000000000000213e+01 1.000001625977812170e+00
3.000000000000000355e+01 1.000001495756394521e+00
3.010000000000000142e+01 1.000001740708408526e+00
3.020000000000000284e+01 1.000001635713374970e+00
3.030000000000000426e+01 1.000001765886805671e+00
3.040000000000000213e+01 1.000001639384425323e+00
3.050000000000000355e+01 1.000001796404151877e+00
3.060000000000000142e+01 1.000001738697357201e+00
3.070000000000000284e+01 1.000001995166358348e+00
3.080000000000000426e+01 1.000001864592637180e+00
3.090000000000000213e+01 1.000001989482298681e+00
3.100000000000000355e+01 1.000001840559701760e+00
3.110000000000000142e+01 1.000002048084451145e+00
3.120000000000000284e+01 1.000001920131344368e+00
3.130000000000000426e+01 1.000002064097706755e+00
3.140000000000000213e+01 1.000001944245348051e+00
3.150000000000000355e+01 1.000002178306153677e+00
3.160000000000000142e+01 1.000002158199747138e+00
3.170000000000000284e+01 1.000002260826735379e+00
3.180000000000000426e+01 1.000001857157484242e+00
3.190000000000000213e+01 1.000001867094811425e+00
3.200000000000000000e+01 1.000001933207570470e+00
3.210000000000000142e+01 1.000002117911361843e+00
3.220000000000000284e+01 1.000001968034075261e+00
3.230000000000000426e+01 1.000001978537731429e+00
3.240000000000000568e+01 1.000001785570641122e+00
3.250000000000000000e+01 1.000001926733528057e+00
3.260000000000000142e+01 1.000001853667552343e+00
3.270000000000000284e+01 1.000001980556148196e+00
3.280000000000000426e+01 1.000001853057587820e+00
3.290000000000000568e+01 1.000001844518175309e+00
3.300000000000000000e+01 1.000001705950894992e+00
3.310000000000000142e+01 1.000001751725430266e+00
3.320000000000000284e+01 1.000001681964954425e+00
3.330000000000000426e+01 1.000001727338614588e+00
3.340000000000000568e+01 1.000001617064826487e+00
3.350000000000000000e+01 1.000001580894660735e+00
3.360000000000000142e+01 1.000001431033544996e+00
3.370000000000000284e+01 1.000001456736327565e+00
3.380000000000000426e+01 1.000001525758414944e+00
3.390000000000000568e+01 1.000001632889369718e+00
3.400000000000000000e+01 1.000001473247854600e+00
3.410000000000000142e+01 1.000001344770080181e+00
3.420000000000000284e+01 1.000001322561398842e+00
3.430000000000000426e+01 1.000001408620682986e+00
3.440000000000000568e+01 1.000001389859176193e+00
3.450000000000000000e+01 1.000001355945983272e+00
3.460000000000000142e+01 1.000001302896927458e+00
3.470000000000000284e+01 1.000001182221331719e+00
3.480000000000000426e+01 1.000001081940847136e+00
3.490000000000000568e+01 1.000001042793962291e+00
3.500000000000000000e+01 1.000001220896676868e+00
3.510000000000000142e+01 1.000001226511036290e+00
3.520000000000000284e+01 1.000001073199504820e+00
3.530000000000000426e+01 1.000000827255749014e+00
3.540000000000000568e+01 1.000000801914203707e+00
3.550000000000000000e+01 1.000000930115405362e+00
3.560000000000000142e+01 1.000001241768138316e+00
3.570000000000000284e+01 1.000001029980957412e+00
3.580000000000000426e+01 1.000000428137419073e+00
3.590000000000000568e+01 1.000000446502523399e+00
3.600000000000000000e+01 1.000000974493629791e+00
3.610000000000000142e+01 1.000000888127604126e+00
3.620000000000000284e+01 1.000000649277841713e+00
3.630000000000000426e+01 1.000000397753471937e+00
3.640000000000000568e+01 1.000000508531141419e+00
3.650000000000000000e+01 1.000000534080649039e+00
3.660000000000000142e+01 1.000000685660570987e+00
3.670000000000000284e+01 1.000000565763350613e+00
3.680000000000000426e+01 1.000000487353082335e+00
3.690000000000000568e+01 1.000000293438056964e+00
3.700000000000000000e+01 1.000000412728259125e+00
3.710000000000000142e+01 1.000000448421344279e+00
3.720000000000000284e+01 1.000000574063289127e+00
3.730000000000000426e+01 1.000000405299994455e+00
3.740000000000000568e+01 1.000000391740781591e+00
3.750000000000000000e+01 1.000000315460874534e+00
3.760000000000000142e+01 1.000000530160059409e+00
3.770000000000000284e+01 1.000000426345174720e+00
3.780000000000000426e+01 1.000000256033940493e+00
3.790000000000000568e+01 1.000000174520574214e+00
3.800000000000000000e+01 1.000000531732860853e+00
3.810000000000000142e+01 1.000000425344855337e+00
3.820000000000000284e+01 1.000000392396659832e+00
3.830000000000000426e+01 1.000000203800295751e+00
3.840000000000000568e+01 1.000000332364510802e+00
3.850000000000000711e+01 1.000000358453363214e+00
3.860000000000000142e+01 1.000000471222038056e+00
3.870000000000000284e+01 1.000000303742724972e+00
3.880000000000000426e+01 1.000000298908896745e+00
3.890000000000000568e+01 1.000000187158105236e+00
3.900000000000000711e+01 1.000000336103900267e+00
3.910000000000000142e+01 1.000000296739578909e+00
3.920000000000000284e+01 1.000000370778824088e+00
3.930000000000000426e+01 1.000000203383609954e+00
3.940000000000000568e+01 1.000000179224669550e+00
3.950000000000000711e+01 1.000000048224013893e+00
3.960000000000000142e+01 1.000000161235563789e+00
3.970000000000000284e+01 1.000000266538318971e+00
3.980000000000000426e+01 1.000000436590567698e+00
3.990000000000000568e+01 1.000000216759285410e+00
4.000000000000000711e+01 1.000000093243321730e+00
4.010000000000000142e+01 1.000000015244111085e+00
4.020000000000000284e+01 1.000000180753734202e+00
4.030000000000000426e+01 1.000000234405309607e+00
4.040000000000000568e+01 1.000000318473438066e+00
4.050000000000000711e+01 1.000000191346452683e+00
4.060000000000000142e+01 1.000000092282737452e+00
4.070000000000000284e+01 9.999999409361819414e-01
4.080000000000000426e+01 1.000000021832080810e+00
4.090000000000000568e+01 1.000000169381476178e+00
4.100000000000000711e+01 1.000000369545522405e+00
4.110000000000000142e+01 1.000000266054015707e+00
4.120000000000000284e+01 9.999999870555466019e-01
4.130000000000000426e+01 9.999997436705767573e-01
4.140000000000000568e+01 9.999999659954401654e-01
4.150000000000000711e+01 1.000000445768972401e+00
4.160000000000000142e+01 1.000000713801431740e+00
4.170000000000000284e+01 9.999999685630831525e-01
4.180000000000000426e+01 9.999991812206223685e-01
4.190000000000000568e+01 9.999999455240587976e-01
4.200000000000000711e+01 1.000000655410545614e+00
4.210000000000000142e+01 1.000000356273038182e+00
4.220000000000000284e+01 9.999998333831815467e-01
4.230000000000000426e+01 9.999996615409699752e-01
4.240000000000000568e+01 9.999998712354695174e-01
4.250000000000000711e+01 1.000000163835301548e+00
4.260000000000000142e+01 1.000000220319758659e+00
4.270000000000000284e+01 1.000000066527160003e+00
4.280000000000000426e+01 9.999998931755293974e-01
4.290000000000000568e+01 9.999998758410258981e-01
4.300000000000000711e+01 9.999999369110684766e-01
4.310000000000000142e+01 1.000000030919219629e+00
4.320000000000000284e+01 1.000000032017023033e+00
4.330000000000000426e+01 1.000000012160380480e+00
4.340000000000000568e+01 9.999999142695734644e-01
4.350000000000000711e+01 9.999999322280301861e-01
4.360000000000000142e+01 9.999999407069894986e-01
4.370000000000000284e+01 9.999999527723434367e-01
4.380000000000000426e+01 9.999999566645434435e-01
4.390000000000000568e+01 1.000000102046818107e+00
4.400000000000000711e+01 1.000000076932051174e+00
4.410000000000000142e+01 9.999999739996298098e-01
4.420000000000000284e+01 9.999998829580712956e-01
4.430000000000000426e+01 9.999999494818098134e-01
4.440000000000000568e+01 1.000000007656197232e+00
4.450000000000000711e+01 1.000000096785399029e+00
4.460000000000000142e+01 1.000000042990750071e+00
4.470000000000000284e+01 9.999999698832290340e-01
4.480000000000000426e+01 9.999998752116607825e-01
4.490000000000000568e+01 9.999999276922011404e-01
4.500000000000000711e+01 9.999999483840591452e-01
4.510000000000000142e+01 1.000000027459395646e+00
4.520000000000000284e+01 9.999999748243483255e-01
4.530000000000000426e+01 9.999999509642801820e-01
4.540000000000000568e+01 9.999998302213620738e-01
4.550000000000000711e+01 9.999998166042517456e-01
4.560000000000000142e+01 9.999998974434375354e-01
4.570000000000000284e+01 1.000000117597075633e+00
4.580000000000000426e+01 1.000000043971240649e+00
4.590000000000000568e+01 9.999998481726046773e-01
4.600000000000000711e+01 9.999997102435222995e-01
4.610000000000000142e+01 9.999998014841580130e-01
4.620000000000000284e+01 9.999999027840599242e-01
4.630000000000000426e+01 1.000000007364209909e+00
4.640000000000000568e+01 9.999999591957122735e-01
4.650000000000000711e+01 9.999998676129074893e-01
4.660000000000000142e+01 9.999997421725382862e-01
4.670000000000000284e+01 9.999997783475284008e-01
4.680000000000000426e+01 9.999998695773639756e-01
4.690000000000000568e+01 1.000000004530505970e+00
4.700000000000000711e+01 9.999999721118577600e-01
4.710000000000000142e+01 9.999999070987020122e-01
4.720000000000000284e+01 9.999997926146323435e-01
4.730000000000000426e+01 9.999997907027536881e-01
4.740000000000000568e+01 9.999999280095812626e-01
4.750000000000000711e+01 1.000000120823724137e+00
4.760000000000000142e+01 1.000000099210888616e+00
4.770000000000000284e+01 9.999997061944343457e-01
4.780000000000000426e+01 9.999995359083284630e-01
4.790000000000000568e+01 1.000000013807994748e+00
4.800000000000000711e+01 1.000000185103288475e+00
4.810000000000000142e+01 9.999999976430886672e-01
4.820000000000000284e+01 9.999998051598227855e-01
4.830000000000000426e+01 9.999997996572900227e-01
4.840000000000000568e+01 9.999999100072699543e-01
4.850000000000000711e+01 1.000000024698848300e+00
4.860000000000000142e+01 1.000000005514073864e+00
4.870000000000000284e+01 9.999999084872240873e-01
4.880000000000000426e+01 9.999999229563899528e-01
4.890000000000000568e+01 9.999999495684804840e-01
4.900000000000000711e+01 9.999999525397795797e-01
4.910000000000000142e+01 9.999998920781020262e-01
4.920000000000000284e+01 9.999999050067738260e-01
4.930000000000000426e+01 9.999999480322280254e-01
4.940000000000000568e+01 9.999999861905614074e-01
4.950000000000000711e+01 9.999999800076125878e-01
4.960000000000000142e+01 9.999999362279387016e-01
4.970000000000000284e+01 9.999998845006289327e-01
4.980000000000000426e+01 1.000000014765873413e+00
4.990000000000000568e+01 1.000000059588487034e+00
5.000000000000000711e+01 1.000000041866545564e+00
5.010000000000000142e+01 9.999999596072057795e-01
5.020000000000000284e+01 9.999999724766791553e-01
5.030000000000000426e+01 9.999999600676638956e-01
5.040000000000000568e+01 1.000000020806940171e+00
5.050000000000000711e+01 1.000000016871344766e+00
5.060000000000000142e+01 1.000000034710308627e+00
5.070000000000000284e+01 9.999999626520692519e-01
5.080000000000000426e+01 9.999999750907248020e-01
5.090000000000000568e+01 9.999999707080198252e-01
5.100000000000000711e+01 1.000000036945351445e+00
5.110000000000000142e+01 1.000000034684094263e+00
5.120000000000000284e+01 1.000000059741655178e+00
5.130000000000000426e+01 1.000000015920236462e+00
5.140000000000000568e+01 1.000000008385213413e+00
5.150000000000000711e+01 9.999999301453241785e-01
5.160000000000000142e+01 9.999999938181273196e-01
5.170000000000000284e+01 1.000000025425136441e+00
5.180000000000000426e+01 1.000000028332455937e+00
5.190000000000000568e+01 9.999999217361994486e-01
5.200000000000000711e+01 9.999999433175300600e-01
5.210000000000000142e+01 9.999999484675076156e-01
5.220000000000000284e+01 1.000000008851166466e+00
5.230000000000000426e+01 9.999999802946792915e-01
5.240000000000000568e+01 1.000000000837420355e+00
5.250000000000000711e+01 9.999999516826527657e-01
5.260000000000000142e+01 9.999999891466611057e-01
5.270000000000000284e+01 9.999999685877961619e-01
5.280000000000000426e+01 9.999999979586406962e-01
5.290000000000000568e+01 9.999999782193136344e-01
5.300000000000000711e+01 1.000000018272519053e+00
5.310000000000000142e+01 1.000000022317863113e+00
5.320000000000000284e+01 1.000000048692887722e+00
5.330000000000000426e+01 9.999999783432732547e-01
5.340000000000000568e+01 9.999999894599507222e-01
5.350000000000000711e+01 9.999999892788767886e-01
5.360000000000000142e+01 1.000000088395296860e+00
5.370000000000000284e+01 1.000000066651165920e+00
5.380000000000000426e+01 1.000000030503459314e+00
5.390000000000000568e+01 9.999999901431043670e-01
5.400000000000000711e+01 1.000000075013346867e+00
5.410000000000000142e+01 1.000000090449888468e+00
5.420000000000000284e+01 1.000000108039152069e+00
5.430000000000000426e+01 1.000000053753471896e+00
5.440000000000000568e+01 1.000000043933564786e+00
5.450000000000000711e+01 1.000000056197901444e+00
5.460000000000000142e+01 1.000000111607376452e+00
5.470000000000000284e+01 1.000000093241288468e+00
5.480000000000000426e+01 1.000000123354220838e+00
5.490000000000000568e+01 1.000000089525716840e+00
5.500000000000000711e+01 1.000000076971515162e+00
5.510000000000000142e+01 1.000000029746571650e+00
5.520000000000000284e+01 1.000000060202231200e+00
5.530000000000000426e+01 1.000000096198988331e+00
5.540000000000000568e+01 1.000000130475185101e+00
5.550000000000000711e+01 1.000000139326529647e+00
5.560000000000000142e+01 1.000000110261073605e+00
5.570000000000000284e+01 1.000000064978787240e+00
5.580000000000000426e+01 1.000000103897304538e+00
5.590000000000000568e+01 1.000000138363654756e+00
5.600000000000000711e+01 1.000000138970660979e+00
5.610000000000000142e+01 1.000000104873539852e+00
5.620000000000000284e+01 1.000000100072810705e+00
5.630000000000000426e+01 1.000000109155244177e+00
5.640000000000000568e+01 1.000000128831059154e+00
5.650000000000000711e+01 1.000000128284277423e+00
5.660000000000000142e+01 1.000000112316180356e+00
5.670000000000000284e+01 1.000000127973631692e+00
5.680000000000000426e+01 1.000000143679541376e+00
5.690000000000000568e+01 1.000000164033607808e+00
5.700000000000000711e+01 1.000000152116623076e+00
5.710000000000000142e+01 1.000000153710190354e+00
5.720000000000000284e+01 1.000000157771094411e+00
5.730000000000000426e+01 1.000000178702419307e+00
5.740000000000000568e+01 1.000000166700317772e+00
5.750000000000000711e+01 1.000000136470419410e+00
5.760000000000000142e+01 1.000000102455593787e+00
5.770000000000000284e+01 1.000000155472711816e+00
5.780000000000000426e+01 1.000000186641986755e+00
5.790000000000000568e+01 1.000000177881957830e+00
5.800000000000000711e+01 1.000000131809489323e+00
5.810000000000000142e+01 1.000000142076485687e+00
5.820000000000000284e+01 1.000000138536355498e+00
5.830000000000000426e+01 1.000000185058911750e+00
5.840000000000000568e+01 1.000000190690922164e+00
5.850000000000000711e+01 1.000000199700701975e+00
5.860000000000000142e+01 1.000000176721585810e+00
5.870000000000000284e+01 1.000000184034549378e+00
5.880000000000000426e+01 1.000000167052762512e+00
5.890000000000000568e+01 1.000000190316632898e+00
5.900000000000000711e+01 1.000000185727252244e+00
5.910000000000000142e+01 1.000000210036904758e+00
5.920000000000000284e+01 1.000000182876123356e+00
5.930000000000000426e+01 1.000000195898647082e+00
5.940000000000000568e+01 1.000000186125559853e+00
5.950000000000000711e+01 1.000000230715892169e+00
5.960000000000000142e+01 1.000000266199907673e+00
5.970000000000000284e+01 1.000000280326081903e+00
5.980000000000000426e+01 1.000000225484711347e+00
5.990000000000000568e+01 1.000000235087418421e+00
6.000000000000000711e+01 1.000000256490781725e+00
6.010000000000000142e+01 1.000000292650468525e+00
6.020000000000000284e+01 1.000000279295316652e+00
6.030000000000000426e+01 1.000000286120325654e+00
6.040000000000000568e+01 1.000000268766588984e+00
6.050000000000000711e+01 1.000000295619152491e+00
6.060000000000000142e+01 1.000000285970710001e+00
6.070000000000000284e+01 1.000000291331906821e+00
6.080000000000000426e+01 1.000000273118630156e+00
6.090000000000000568e+01 1.000000286712943609e+00
6.100000000000000711e+01 1.000000288454630182e+00
6.110000000000000142e+01 1.000000296053384030e+00
6.120000000000000284e+01 1.000000280680061415e+00
6.130000000000000426e+01 1.000000290222156973e+00
6.140000000000000568e+01 1.000000299043199092e+00
6.150000000000000711e+01 1.000000332786949997e+00
6.160000000000000142e+01 1.000000303522146972e+00
6.170000000000000284e+01 1.000000253651625703e+00
6.180000000000000426e+01 1.000000233237747116e+00
6.190000000000000568e+01 1.000000276362365881e+00
6.200000000000000711e+01 1.000000294065037876e+00
6.210000000000000142e+01 1.000000300777176276e+00
6.220000000000000284e+01 1.000000288438744889e+00
6.230000000000000426e+01 1.000000268718831409e+00
6.240000000000000568e+01 1.000000264202310918e+00
6.250000000000000711e+01 1.000000270267383806e+00
6.260000000000000142e+01 1.000000280719208101e+00
6.270000000000000284e+01 1.000000290365706590e+00
6.280000000000000426e+01 1.000000296234402564e+00
6.290000000000000568e+01 1.000000293835643372e+00
6.300000000000000711e+01 1.000000288663573045e+00
6.310000000000000142e+01 1.000000288081951183e+00
6.320000000000000284e+01 1.000000301548372716e+00
6.330000000000000426e+01 1.000000292360691434e+00
6.340000000000000568e+01 1.000000290610713938e+00
6.350000000000000711e+01 1.000000255000064620e+00
6.360000000000000142e+01 1.000000249741263669e+00
6.370000000000000284e+01 1.000000280740444669e+00
6.380000000000000426e+01 1.000000321500195577e+00
6.390000000000000568e+01 1.000000286633347946e+00
6.400000000000000000e+01 1.000000259156373916e+00
6.409999999999999432e+01 1.000000246327220843e+00
6.420000000000000284e+01 1.000000273549064955e+00
6.429999999999999716e+01 1.000000281799415580e+00
6.439999999999999147e+01 1.000000291514997697e+00
6.450000000000000000e+01 1.000000262406275597e+00
6.459999999999999432e+01 1.000000266116573444e+00
6.470000000000000284e+01 1.000000244299046992e+00
6.479999999999999716e+01 1.000000251953594654e+00
6.489999999999999147e+01 1.000000223202511807e+00
6.500000000000000000e+01 1.000000238928289598e+00
6.509999999999999432e+01 1.000000243238635678e+00
6.520000000000000284e+01 1.000000270026128790e+00
6.529999999999999716e+01 1.000000249171720590e+00
6.539999999999999147e+01 1.000000237276335024e+00
6.550000000000000000e+01 1.000000212503417751e+00
6.559999999999999432e+01 1.000000265435734281e+00
6.570000000000000284e+01 1.000000284711754395e+00
6.579999999999999716e+01 1.000000282808786833e+00
6.589999999999999147e+01 1.000000234018376899e+00
6.600000000000000000e+01 1.000000249608391067e+00
6.609999999999999432e+01 1.000000235870115439e+00
6.620000000000000284e+01 1.000000268972356610e+00
6.629999999999999716e+01 1.000000254032954228e+00
6.639999999999999147e+01 1.000000253448023457e+00
6.650000000000000000e+01 1.000000222647553283e+00
6.659999999999999432e+01 1.000000233477316813e+00
6.670000000000000284e+01 1.000000228699343019e+00
6.679999999999999716e+01 1.000000258137987430e+00
6.689999999999999147e+01 1.000000256684927535e+00
6.700000000000000000e+01 1.000000277201970045e+00
6.709999999999999432e+01 1.000000231109182014e+00
6.720000000000000284e+01 1.000000220858414224e+00
6.729999999999999716e+01 1.000000188812631752e+00
6.739999999999999147e+01 1.000000217121738144e+00
6.750000000000000000e+01 1.000000226419264227e+00
6.759999999999999432e+01 1.000000222431204122e+00
6.770000000000000284e+01 1.000000151449668806e+00
6.779999999999999716e+01 1.000000153328066910e+00
6.789999999999999147e+01 1.000000179241880005e+00
6.800000000000000000e+01 1.000000210625908492e+00
6.809999999999999432e+01 1.000000186130530988e+00
6.820000000000000284e+01 1.000000170405745292e+00
6.829999999999999716e+01 1.000000138579961728e+00
6.839999999999999147e+01 1.000000158418305141e+00
6.850000000000000000e+01 1.000000146289958813e+00
6.859999999999999432e+01 1.000000159551236001e+00
6.870000000000000284e+01 1.000000147609145129e+00
6.879999999999999716e+01 1.000000165020446641e+00
6.889999999999999147e+01 1.000000158704696718e+00
6.900000000000000000e+01 1.000000154606450753e+00
6.909999999999999432e+01 1.000000123375005323e+00
6.920000000000000284e+01 1.000000117880549766e+00
6.929999999999999716e+01 1.000000118978328301e+00
6.939999999999999147e+01 1.000000158470487621e+00
6.950000000000000000e+01 1.000000152291862010e+00
6.959999999999999432e+01 1.000000115313522731e+00
6.970000000000000284e+01 1.000000097631904117e+00
6.979999999999999716e+01 1.000000147346199242e+00
6.989999999999999147e+01 1.000000160303580854e+00
7.000000000000000000e+01 1.000000140610772137e+00
7.009999999999999432e+01 1.000000111072963271e+00
7.020000000000000284e+01 1.000000107412227113e+00
7.029999999999999716e+01 1.000000106529980615e+00
7.039999999999999147e+01 1.000000122463436281e+00
7.050000000000000000e+01 1.000000134339807278e+00
7.059999999999999432e+01 1.000000135197938178e+00
7.070000000000000284e+01 1.000000103947063845e+00
7.079999999999999716e+01 1.000000066904727314e+00
7.089999999999999147e+01 1.000000069837427397e+00
7.100000000000000000e+01 1.000000090636708361e+00
7.109999999999999432e+01 1.000000116801006866e+00
7.120000000000000284e+01 1.000000124354531561e+00
7.129999999999999716e+01 1.000000121030297118e+00
7.139999999999999147e+01 1.000000079505087180e+00
7.150000000000000000e+01 1.000000054084398737e+00
7.159999999999999432e+01 1.000000075364345875e+00
7.170000000000000284e+01 1.000000133808525149e+00
7.179999999999999716e+01 1.000000106148656087e+00
7.189999999999999147e+01 1.000000072528794304e+00
7.200000000000000000e+01 1.000000061817584385e+00
7.209999999999999432e+01 1.000000071417063374e+00
7.220000000000000284e+01 1.000000075878130890e+00
7.229999999999999716e+01 1.000000081987243883e+00
7.239999999999999147e+01 1.000000054901591717e+00
7.250000000000000000e+01 1.000000064061329130e+00
7.259999999999999432e+01 1.000000073926459399e+00
7.270000000000000284e+01 1.000000091075039288e+00
7.279999999999999716e+01 1.000000058746500331e+00
7.289999999999999147e+01 1.000000051718526795e+00
7.300000000000000000e+01 1.000000060771914168e+00
7.309999999999999432e+01 1.000000085595591948e+00
7.320000000000000284e+01 1.000000066809676902e+00
7.329999999999999716e+01 1.000000017627228122e+00
7.339999999999999147e+01 9.999999580140483957e-01
7.350000000000000000e+01 1.000000014982363350e+00
7.359999999999999432e+01 1.000000107382960968e+00
7.370000000000000284e+01 1.000000053574817027e+00
7.379999999999999716e+01 9.999999408174408133e-01
7.389999999999999147e+01 9.999999475473354549e-01
7.400000000000000000e+01 9.999999765085790804e-01
7.409999999999999432e+01 1.000000032569384967e+00
7.420000000000000284e+01 1.000000019491767533e+00
7.429999999999999716e+01 9.999999954679760217e-01
7.439999999999999147e+01 9.999999533009358288e-01
7.450000000000000000e+01 9.999999402836217133e-01
7.459999999999999432e+01 9.999999504794591099e-01
7.470000000000000284e+01 9.999999829484184088e-01
7.479999999999999716e+01 9.999999773740617659e-01
7.489999999999999147e+01 9.999999607504103105e-01
7.500000000000000000e+01 9.999999181222422040e-01
7.509999999999999432e+01 9.999999130771762834e-01
7.520000000000000284e+01 9.999999218668541578e-01
7.529999999999999716e+01 9.999999768742583450e-01
7.539999999999999147e+01 1.000000011127990973e+00
7.550000000000000000e+01 9.999999954544782632e-01
7.559999999999999432e+01 9.999999124107938897e-01
7.570000000000000284e+01 9.999999132549708403e-01
7.579999999999999716e+01 9.999999836859728708e-01
7.589999999999999147e+01 1.000000017305381572e+00
7.600000000000000000e+01 9.999999791680160843e-01
7.609999999999999432e+01 9.999999469587295131e-01
7.620000000000000284e+01 9.999999359681195354e-01
7.629999999999999716e+01 9.999999460330872836e-01
7.639999999999999147e+01 9.999999666163198464e-01
7.650000000000000000e+01 9.999999914107056131e-01
7.659999999999999432e+01 9.999999972742136256e-01
7.670000000000000284e+01 9.999999645223069944e-01
7.679999999999999716e+01 9.999999167398097022e-01
7.690000000000000568e+01 9.999999304172791925e-01
7.700000000000000000e+01 9.999999798385074135e-01
7.709999999999999432e+01 1.000000021439612086e+00
7.720000000000000284e+01 1.000000009116058131e+00
7.729999999999999716e+01 9.999999392634451034e-01
7.740000000000000568e+01 9.999998732322734618e-01
7.750000000000000000e+01 9.999999538098754970e-01
7.759999999999999432e+01 1.000000044644454134e+00
7.770000000000000284e+01 9.999999558934554722e-01
7.779999999999999716e+01 9.999998971508958778e-01
7.790000000000000568e+01 9.999999345849277521e-01
7.800000000000000000e+01 9.999999898482739846e-01
7.809999999999999432e+01 9.999999781922080944e-01
7.820000000000000284e+01 9.999999567106464538e-01
7.829999999999999716e+01 9.999999301346792491e-01
7.840000000000000568e+01 9.999999429447342658e-01
7.850000000000000000e+01 9.999999720378354162e-01
7.859999999999999432e+01 1.000000009738044149e+00
7.870000000000000284e+01 9.999999903665701684e-01
7.879999999999999716e+01 9.999999562269430431e-01
7.890000000000000568e+01 9.999999321606942715e-01
7.900000000000000000e+01 9.999999785588280510e-01
7.909999999999999432e+01 1.000000016389502422e+00
7.920000000000000284e+01 1.000000020514841381e+00
7.929999999999999716e+01 9.999999308135488763e-01
7.940000000000000568e+01 9.999998863640688906e-01
7.950000000000000000e+01 9.999999919199216158e-01
7.959999999999999432e+01 1.000000132963910104e+00
7.970000000000000284e+01 9.999999826149594817e-01
7.979999999999999716e+01 9.999998800664937626e-01
7.990000000000000568e+01 9.999999273292797808e-01
8.000000000000000000e+01 1.000000031001170075e+00
8.009999999999999432e+01 1.000000058823836468e+00
8.020000000000000284e+01 1.000000023579318942e+00
8.029999999999999716e+01 9.999999514240991427e-01
8.040000000000000568e+01 9.999999513248190031e-01
8.050000000000000000e+01 9.999999710991992474e-01
8.059999999999999432e+01 1.000000018725700546e+00
8.070000000000000284e+01 1.000000014047625729e+00
8.079999999999999716e+01 1.000000005276555859e+00
8.090000000000000568e+01 9.999999727788028148e-01
8.100000000000000000e+01 9.999999803419543642e-01
8.109999999999999432e+01 9.999999946073978574e-01
8.120000000000000284e+01 1.000000040396264112e+00
8.129999999999999716e+01 1.000000064524568799e+00
8.140000000000000568e+01 1.000000064915191000e+00
8.150000000000000000e+01 9.999999940902306594e-01
8.159999999999999432e+01 9.999999949873200622e-01
8.170000000000000284e+01 1.000000054214208012e+00
8.179999999999999716e+01 1.000000107468223209e+00
8.190000000000000568e+01 1.000000078150589999e+00
8.200000000000000000e+01 1.000000051569507997e+00
8.209999999999999432e+01 1.000000021707680542e+00
8.220000000000000284e+01 1.000000037106353767e+00
8.229999999999999716e+01 1.000000067092454481e+00
8.240000000000000568e+01 1.000000117760142748e+00
8.250000000000000000e+01 1.000000129384465142e+00
8.259999999999999432e+01 1.000000109390684289e+00
8.270000000000000284e+01 1.000000055040172420e+00
8.279999999999999716e+01 1.000000047364162592e+00
8.290000000000000568e+01 1.000000096858615128e+00
8.300000000000000000e+01 1.000000185471798586e+00
8.309999999999999432e+01 1.000000186560506599e+00
8.320000000000000284e+01 1.000000086518736175e+00
8.329999999999999716e+01 9.999999600744658990e-01
8.340000000000000568e+01 1.000000001862076937e+00
8.350000000000000000e+01 1.000000256789832287e+00
8.359999999999999432e+01 1.000000263998268357e+00
8.370000000000000284e+01 1.000000004968780054e+00
8.379999999999999716e+01 9.999999780988698683e-01
8.390000000000000568e+01 1.000000102194255280e+00
8.400000000000000000e+01 1.000000196687669263e+00
8.409999999999999432e+01 1.000000170352822293e+00
8.420000000000000284e+01 1.000000101937419172e+00
8.429999999999999716e+01 1.000000056550543803e+00
8.440000000000000568e+01 1.000000089353121124e+00
8.450000000000000000e+01 1.000000134865118628e+00
8.459999999999999432e+01 1.000000153102065470e+00
8.470000000000000284e+01 1.000000129465184795e+00
8.479999999999999716e+01 1.000000103730000145e+00
8.490000000000000568e+01 1.000000095335969563e+00
8.500000000000000000e+01 1.000000107162140495e+00
8.509999999999999432e+01 1.000000130565112944e+00
8.520000000000000284e+01 1.000000134928179518e+00
8.529999999999999716e+01 1.000000109234979506e+00
8.540000000000000568e+01 1.000000119049410330e+00
8.550000000000000000e+01 1.000000171884713573e+00
8.559999999999999432e+01 1.000000151988478914e+00
8.570000000000000284e+01 1.000000072688015607e+00
8.579999999999999716e+01 1.000000084072830475e+00
8.590000000000000568e+01 1.000000143459950364e+00
8.600000000000000000e+01 1.000000161814935451e+00
8.609999999999999432e+01 1.000000145012855723e+00
8.620000000000000284e+01 1.000000099692843092e+00
8.629999999999999716e+01 1.000000074777418035e+00
8.640000000000000568e+01 1.000000081003580066e+00
8.650000000000000000e+01 1.000000118205743194e+00
8.659999999999999432e+01 1.000000116607269396e+00
8.670000000000000284e+01 1.000000107356802559e+00
8.679999999999999716e+01 1.000000078846276841e+00
8.690000000000000568e+01 1.000000070843288791e+00
8.700000000000000000e+01 1.000000066883242500e+00
8.709999999999999432e+01 1.000000092386237327e+00
8.720000000000000284e+01 1.000000118591534592e+00
8.729999999999999716e+01 1.000000121189166258e+00
8.740000000000000568e+01 1.000000042626185470e+00
8.750000000000000000e+01 9.999999982425199496e-01
8.759999999999999432e+01 1.000000051591519945e+00
8.770000000000000284e+01 1.000000118489769552e+00
8.779999999999999716e+01 1.000000095941548262e+00
8.790000000000000568e+01 1.000000049411878367e+00
8.800000000000000000e+01 1.000000005784353885e+00
8.809999999999999432e+01 1.000000012506993219e+00
8.820000000000000284e+01 1.000000037237048112e+00
8.829999999999999716e+01 1.000000084432413505e+00
8.840000000000000568e+01 1.000000085332703792e+00
8.850000000000000000e+01 1.000000063329962829e+00
8.859999999999999432e+01 1.000000009139916157e+00
8.870000000000000284e+01 9.999999988278023277e-01
8.879999999999999716e+01 1.000000013462273740e+00
8.890000000000000568e+01 1.000000048776995332e+00
8.900000000000000000e+01 1.000000064023203405e+00
8.909999999999999432e+01 1.000000038291124049e+00
8.920000000000000284e+01 9.999999655045965774e-01
8.929999999999999716e+01 9.999999270974815335e-01
8.940000000000000568e+01 9.999999687081041477e-01
8.950000000000000000e+01 1.000000091549887227e+00
8.959999999999999432e+01 1.000000026915201623e+00
8.970000000000000284e+01 9.999999063637616814e-01
8.979999999999999716e+01 9.999999122506270099e-01
8.990000000000000568e+01 9.999999786697361115e-01
9.000000000000000000e+01 1.000000002328911064e+00
9.009999999999999432e+01 9.999999800319172572e-01
9.020000000000000284e+01 9.999999362444575990e-01
9.029999999999999716e+01 9.999999149058131920e-01
9.040000000000000568e+01 9.999999320341131925e-01
9.050000000000000000e+01 9.999999373290240356e-01
9.059999999999999432e+01 9.999999169503638319e-01
9.070000000000000284e+01 9.999999073410892336e-01
9.079999999999999716e+01 9.999999185592410855e-01
9.090000000000000568e+01 9.999999346829534508e-01
9.100000000000000000e+01 9.999999231684454370e-01
9.109999999999999432e+01 9.999999131873925640e-01
9.120000000000000284e+01 9.999999105337419314e-01
9.129999999999999716e+01 9.999999247387911794e-01
9.140000000000000568e+01 9.999999654982654196e-01
9.150000000000000000e+01 9.999999448226956078e-01
9.159999999999999432e+01 9.999998932096249016e-01
9.170000000000000284e+01 9.999998855423832822e-01
9.179999999999999716e+01 9.999999131379316841e-01
9.190000000000000568e+01 9.999999269824394466e-01
9.200000000000000000e+01 9.999999264948975508e-01
9.209999999999999432e+01 9.999999116921653997e-01
9.220000000000000284e+01 9.999998950320251323e-01
9.229999999999999716e+01 9.999998842119338649e-01
9.240000000000000568e+01 9.999999000387562731e-01
9.250000000000000000e+01 9.999999212722162634e-01
9.259999999999999432e+01 9.999999303295140640e-01
9.270000000000000284e+01 9.999999177917572313e-01
9.279999999999999716e+01 9.999999083407085099e-01
9.290000000000000568e+01 9.999998961398308683e-01
9.300000000000000000e+01 9.999998994238009642e-01
9.309999999999999432e+01 9.999998982352145127e-01
9.320000000000000284e+01 9.999999177440779263e-01
9.329999999999999716e+01 9.999999105851973269e-01
9.340000000000000568e+01 9.999998825234335253e-01
9.350000000000000000e+01 9.999998625731945090e-01
9.359999999999999432e+01 9.999999071744425372e-01
9.370000000000000284e+01 9.999999258484505438e-01
9.379999999999999716e+01 9.999999180900855933e-01
9.390000000000000568e+01 9.999998898235873401e-01
9.400000000000000000e+01 9.999998955375837273e-01
9.409999999999999432e+01 9.999998982074963516e-01
9.420000000000000284e+01 9.999999226553329956e-01
9.429999999999999716e+01 9.999999226685720721e-01
9.440000000000000568e+01 9.999999288693725008e-01
9.450000000000000000e+01 9.999999205075776887e-01
9.459999999999999432e+01 9.999999251620541596e-01
9.470000000000000284e+01 9.999999103260720501e-01
9.479999999999999716e+01 9.999999102307920440e-01
9.490000000000000568e+01 9.999998979076440975e-01
9.500000000000000000e+01 9.999999293078033480e-01
9.509999999999999432e+01 9.999999364665326240e-01
9.520000000000000284e+01 9.999999447202739811e-01
9.529999999999999716e+01 9.999999050611713125e-01
9.540000000000000568e+01 9.999998913385117483e-01
9.550000000000000000e+01 9.999999096949262478e-01
9.559999999999999432e+01 9.999999513483649460e-01
9.570000000000000284e+01 9.999999345623032942e-01
9.579999999999999716e+01 9.999999177197604894e-01
9.590000000000000568e+01 9.999999009369990866e-01
9.600000000000000000e+01 9.999999127989972481e-01
9.609999999999999432e+01 9.999999169074791361e-01
9.620000000000000284e+01 9.999999277335698267e-01
9.629999999999999716e+01 9.999999033342880095e-01
9.640000000000000568e+01 9.999999081399264522e-01
9.650000000000000000e+01 9.999998981335564974e-01
9.659999999999999432e+01 9.999999094746908623e-01
9.670000000000000284e+01 9.999999145068735329e-01
9.679999999999999716e+01 9.999999346520572763e-01
9.690000000000000568e+01 9.999999344314394190e-01
9.700000000000000000e+01 9.999999252886406786e-01
9.709999999999999432e+01 9.999999105404207000e-01
9.720000000000000284e+01 9.999999142136988262e-01
9.729999999999999716e+01 9.999999197445269550e-01
9.740000000000000568e+01 9.999999558322083537e-01
9.750000000000000000e+01 9.999999472484267793e-01
9.759999999999999432e+01 9.999999230379309489e-01
9.770000000000000284e+01 9.999999071830413255e-01
9.779999999999999716e+01 9.999999279832983978e-01
9.790000000000000568e+01 9.999999383601577696e-01
9.800000000000000000e+01 9.999999447724441382e-01
9.809999999999999432e+01 9.999999377651331844e-01
9.820000000000000284e+01 9.999999389977940467e-01
9.829999999999999716e+01 9.999999491080235892e-01
9.840000000000000568e+01 9.999999597474167334e-01
9.850000000000000000e+01 9.999999566802816320e-01
9.859999999999999432e+01 9.999999568873149114e-01
9.870000000000000284e+01 9.999999551341016701e-01
9.879999999999999716e+01 9.999999593000186149e-01
9.890000000000000568e+01 9.999999479219924270e-01
9.900000000000000000e+01 9.999999354160576948e-01
9.909999999999999432e+01 9.999999274514507208e-01
9.920000000000000284e+01 9.999999397691370362e-01
9.929999999999999716e+01 9.999999653415120315e-01
9.940000000000000568e+01 9.999999623567545903e-01
9.950000000000000000e+01 9.999999350274567655e-01
9.959999999999999432e+01 9.999999284483201967e-01
9.970000000000000284e+01 9.999999514407255097e-01
9.979999999999999716e+01 9.999999613784102959e-01
9.990000000000000568e+01 9.999999631873105477e-01
1.000000000000000000e+02 9.999999552860692198e-01
1.000999999999999943e+02 9.999999460391596484e-01
1.002000000000000028e+02 9.999999469641941419e-01
1.002999999999999972e+02 9.999999574447325790e-01
1.004000000000000057e+02 9.999999603058005171e-01
1.005000000000000000e+02 9.999999637715197842e-01
1.005999999999999943e+02 9.999999536893474650e-01
1.007000000000000028e+02 9.999999506873342714e-01
1.007999999999999972e+02 9.999999447085268223e-01
1.009000000000000057e+02 9.999999615994019653e-01
1.010000000000000000e+02 9.999999789637984415e-01
1.010999999999999943e+02 9.999999943673334446e-01
1.012000000000000028e+02 9.999999929720788661e-01
1.012999999999999972e+02 9.999999763872674530e-01
1.014000000000000057e+02 9.999999558674765865e-01
1.015000000000000000e+02 9.999999799363197273e-01
1.015999999999999943e+02 9.999999988895602598e-01
1.017000000000000028e+02 9.999999995817471232e-01
1.017999999999999972e+02 9.999999824056373665e-01
1.019000000000000057e+02 9.999999894580554605e-01
1.020000000000000000e+02 9.999999899960851923e-01
1.020999999999999943e+02 1.000000001202407063e+00
1.022000000000000028e+02 9.999999920608113602e-01
1.022999999999999972e+02 9.999999919373911972e-01
1.024000000000000057e+02 9.999999929861723702e-01
