# Description:
#    Intra-molecular correlation functions (form factors) for a single ungrafted 
#    matrix chain in a vacuum. These data were calculated from MD simulations 
#    using the Debye method.
# 
# Source:
#   Coarse Grained MD Simulation
# 
# Chain Length: 40
# Interactions: WCA
# dr: 0.1 d
# dk: 0.031 d^-1
# length: 1024
# Omega Pair: Matrix-Matrix
# 
# k                      Matrix-Matrix Omega(k)
# 
3.067961575771282340e-02 3.976287464034914620e+01
6.135923151542564680e-02 3.906264883931735454e+01
9.203884727313846326e-02 3.793274767726899910e+01
1.227184630308512936e-01 3.642532256300729898e+01
1.533980787885641239e-01 3.460739472966653096e+01
1.840776945462769543e-01 3.255517043244469022e+01
2.147573103039897569e-01 3.034847690950942223e+01
2.454369260617025872e-01 2.806553050193235066e+01
2.761165418194154175e-01 2.577743417126630021e+01
3.067961575771282479e-01 2.354506406847194100e+01
3.374757733348410782e-01 2.141674072434129528e+01
3.681553890925539085e-01 1.942702679902483354e+01
3.988350048502666834e-01 1.759764973766981555e+01
4.295146206079795137e-01 1.593832051969195618e+01
4.601942363656923440e-01 1.444928978785416085e+01
4.908738521234051744e-01 1.312378138898707114e+01
5.215534678811180047e-01 1.195008419871827421e+01
5.522330836388308350e-01 1.091397250957066412e+01
5.829126993965436654e-01 1.000045645076675171e+01
6.135923151542564957e-01 9.194677690640066459e+00
6.442719309119693261e-01 8.483126602355902435e+00
6.749515466696821564e-01 7.853594302137167027e+00
7.056311624273949867e-01 7.295372373155131207e+00
7.363107781851078171e-01 6.799208587284716110e+00
7.669903939428205364e-01 6.356944921822802463e+00
7.976700097005333667e-01 5.961464887754583941e+00
8.283496254582461971e-01 5.606469333843631553e+00
8.590292412159590274e-01 5.286395219947030988e+00
8.897088569736718577e-01 4.996401351932124868e+00
9.203884727313846881e-01 4.732288775160204075e+00
9.510680884890975184e-01 4.490551858901103088e+00
9.817477042468103487e-01 4.268279642716434452e+00
1.012427320004523068e+00 4.063152918681054437e+00
1.043106935762235787e+00 3.873291462967486609e+00
1.073786551519948729e+00 3.697277284361676575e+00
1.104466167277661448e+00 3.533942904749125979e+00
1.135145783035374389e+00 3.382343337413209472e+00
1.165825398793087109e+00 3.241656099488185561e+00
1.196505014550800050e+00 3.111057695956723990e+00
1.227184630308512769e+00 2.989895518177513978e+00
1.257864246066225711e+00 2.877378018326118170e+00
1.288543861823938430e+00 2.772742726310375883e+00
1.319223477581651371e+00 2.675237172670656527e+00
1.349903093339364091e+00 2.584128886441268591e+00
1.380582709097077032e+00 2.498700401203169275e+00
1.411262324854789751e+00 2.418309244885621379e+00
1.441941940612502693e+00 2.342362945601312862e+00
1.472621556370215412e+00 2.270361527463097495e+00
1.503301172127928131e+00 2.201910008464053714e+00
1.533980787885641073e+00 2.136695903106294647e+00
1.564660403643353792e+00 2.074514219914486368e+00
1.595340019401066733e+00 2.015222464280663317e+00
1.626019635158779453e+00 1.958738171709789366e+00
1.656699250916492394e+00 1.905026311445499054e+00
1.687378866674205113e+00 1.854026883950963045e+00
1.718058482431918055e+00 1.805679891480535870e+00
1.748738098189630774e+00 1.759877839233032537e+00
1.779417713947343715e+00 1.716465734786862374e+00
1.810097329705056435e+00 1.675241088100034359e+00
1.840776945462769376e+00 1.635976409270024634e+00
1.871456561220482095e+00 1.598426708806091723e+00
1.902136176978195037e+00 1.562351995290469642e+00
1.932815792735907756e+00 1.527542273626566249e+00
1.963495408493620697e+00 1.493827545718304339e+00
1.994175024251333417e+00 1.461079787830530829e+00
2.024854640009046136e+00 1.429252821425037512e+00
2.055534255766759077e+00 1.398318334744577562e+00
2.086213871524472019e+00 1.368291328487466929e+00
2.116893487282184960e+00 1.339196803419385740e+00
2.147573103039897902e+00 1.311074756014588338e+00
2.178252718797610399e+00 1.283945184413899376e+00
2.208932334555323340e+00 1.257815588525758699e+00
2.239611950313036282e+00 1.232695965431659157e+00
2.270291566070749223e+00 1.208556316896845173e+00
2.300971181828461720e+00 1.185379143001020097e+00
2.331650797586174662e+00 1.163131945030284609e+00
2.362330413343887603e+00 1.141784724078135138e+00
2.393010029101600544e+00 1.121304981365679687e+00
2.423689644859313042e+00 1.101660227403481018e+00
2.454369260617025983e+00 1.082815454161412783e+00
2.485048876374738924e+00 1.064738162070914651e+00
2.515728492132451422e+00 1.047368353704671406e+00
2.546408107890164363e+00 1.030668529929408495e+00
2.577087723647877304e+00 1.014581193638030454e+00
2.607767339405590246e+00 9.990533466007168739e-01
2.638446955163302743e+00 9.840412398907989466e-01
2.669126570921015684e+00 9.695053746770573300e-01
2.699806186678728626e+00 9.554197507656485566e-01
2.730485802436441567e+00 9.417683677652842755e-01
2.761165418194154064e+00 9.285424751943975874e-01
2.791845033951867006e+00 9.157405722082203603e-01
2.822524649709579947e+00 9.033574375150165148e-01
2.853204265467292888e+00 8.913983951318341648e-01
2.883883881225005386e+00 8.798553409685752058e-01
2.914563496982718327e+00 8.687175254576404715e-01
2.945243112740431268e+00 8.579744487398964781e-01
2.975922728498143766e+00 8.476131114149542123e-01
3.006602344255856707e+00 8.376217638860866677e-01
3.037281960013569648e+00 8.279881567732724212e-01
3.067961575771282590e+00 8.187025403786418742e-01
3.098641191528995087e+00 8.097539150572382605e-01
3.129320807286708028e+00 8.011297812392479401e-01
3.160000423044420970e+00 7.928161394058742539e-01
3.190680038802133911e+00 7.847957402055597553e-01
3.221359654559846408e+00 7.770515871960530507e-01
3.252039270317559350e+00 7.695674280027967606e-01
3.282718886075272291e+00 7.623302627689613198e-01
3.313398501832985232e+00 7.553320917388303135e-01
3.344078117590697730e+00 7.485726647374731924e-01
3.374757733348410671e+00 7.420564814233513440e-01
3.405437349106123612e+00 7.357910413681741923e-01
3.436116964863836554e+00 7.297850941664862923e-01
3.466796580621549051e+00 7.240448897681600604e-01
3.497476196379261992e+00 7.185696788062075901e-01
3.528155812136974934e+00 7.133552117865629150e-01
3.558835427894687431e+00 7.083907398375757225e-01
3.589515043652400372e+00 7.036632605903656579e-01
3.620194659410113314e+00 6.991656009022547691e-01
3.650874275167826255e+00 6.948916862714653586e-01
3.681553890925538752e+00 6.908462673755821903e-01
3.712233506683251694e+00 6.870408445540362452e-01
3.742913122440964635e+00 6.834936673755644954e-01
3.773592738198677576e+00 6.802254849266599068e-01
3.804272353956390074e+00 6.772555458318789690e-01
3.834951969714103015e+00 6.745945990131960723e-01
3.865631585471815956e+00 6.722428938540054855e-01
3.896311201229528898e+00 6.701889303752799343e-01
3.926990816987241395e+00 6.684107091706098513e-01
3.957670432744954336e+00 6.668774813565631066e-01
3.988350048502667278e+00 6.655557481965639344e-01
4.019029664260379775e+00 6.644150124835388471e-01
4.049709280018092272e+00 6.634305231037219697e-01
4.080388895775804770e+00 6.625857804039565480e-01
4.111068511533518155e+00 6.618737845432899336e-01
4.141748127291230652e+00 6.612957852811495174e-01
4.172427743048944038e+00 6.608562823314858559e-01
4.203107358806656535e+00 6.605615253745678039e-01
4.233786974564369032e+00 6.604165142988319692e-01
4.264466590322082418e+00 6.604239991664738740e-01
4.295146206079794915e+00 6.605809805852193017e-01
4.325825821837507412e+00 6.608832088380178771e-01
4.356505437595220798e+00 6.613266840473754904e-01
4.387185053352933295e+00 6.619081562426574195e-01
4.417864669110646680e+00 6.626296319084633568e-01
4.448544284868359178e+00 6.634963928754996632e-01
4.479223900626071675e+00 6.645194017086720750e-01
4.509903516383785060e+00 6.657126577100419551e-01
4.540583132141497558e+00 6.670886603844292662e-01
4.571262747899210055e+00 6.686596587341712139e-01
4.601942363656923440e+00 6.704319019851432415e-01
4.632621979414635938e+00 6.724046398751933884e-01
4.663301595172348435e+00 6.745726222246217763e-01
4.693981210930061820e+00 6.769233493748096908e-01
4.724660826687774318e+00 6.794410718973159513e-01
4.755340442445487703e+00 6.821092904301149229e-01
4.786020058203200200e+00 6.849127555575709181e-01
4.816699673960912698e+00 6.878422188679430560e-01
4.847379289718626083e+00 6.908921793885857143e-01
4.878058905476338580e+00 6.940643868284651630e-01
4.908738521234051078e+00 6.973663408446817424e-01
4.939418136991764463e+00 7.008085409732692783e-01
4.970097752749476960e+00 7.044054865267231902e-01
5.000777368507189458e+00 7.081709270245705179e-01
5.031456984264902843e+00 7.121181119993362785e-01
5.062136600022615340e+00 7.162590410917095696e-01
5.092816215780328726e+00 7.206032141591817153e-01
5.123495831538041223e+00 7.251578811505180466e-01
5.154175447295753720e+00 7.299292919417107450e-01
5.184855063053467106e+00 7.349226105375588070e-01
5.215534678811179603e+00 7.401370790478251083e-01
5.246214294568892100e+00 7.455732914786883381e-01
5.276893910326605486e+00 7.512274974930887028e-01
5.307573526084317983e+00 7.570921969130959273e-01
5.338253141842031368e+00 7.631558897611676606e-01
5.368932757599743866e+00 7.694030764399139022e-01
5.399612373357456363e+00 7.758162577228919776e-01
5.430291989115169748e+00 7.823794343733493362e-01
5.460971604872882246e+00 7.890791071469884788e-01
5.491651220630594743e+00 7.959065266709633990e-01
5.522330836388308128e+00 8.028604431489947402e-01
5.553010452146020626e+00 8.099453564856935461e-01
5.583690067903733123e+00 8.171707663290994628e-01
5.614369683661446508e+00 8.245484239287234063e-01
5.645049299419159006e+00 8.320885778176436709e-01
5.675728915176872391e+00 8.397942275301234494e-01
5.706408530934584888e+00 8.476606233245408406e-01
5.737088146692297386e+00 8.556735159532391499e-01
5.767767762450010771e+00 8.638076567538788275e-01
5.798447378207723268e+00 8.720325471238110637e-01
5.829126993965435766e+00 8.803144385274360717e-01
5.859806609723149151e+00 8.886213320394458215e-01
5.890486225480861648e+00 8.969272281239908384e-01
5.921165841238574146e+00 9.052151265379825285e-01
5.951845456996287531e+00 9.134760267355386265e-01
5.982525072754000028e+00 9.217151090036934669e-01
6.013204688511713414e+00 9.299342552619038749e-01
6.043884304269425911e+00 9.381481534754613216e-01
6.074563920027138408e+00 9.463698029323222016e-01
6.105243535784851794e+00 9.546104531521713010e-01
6.135923151542564291e+00 9.628808533972537109e-01
6.166602767300276788e+00 9.711885034759732971e-01
6.197282383057990174e+00 9.795419029330334482e-01
6.227961998815702671e+00 9.879478015799686430e-01
6.258641614573416057e+00 9.964139491124358594e-01
6.289321230331128554e+00 1.004947845078206115e+00
6.320000846088841051e+00 1.013552739169018002e+00
6.350680461846554437e+00 1.022225131456161895e+00
6.381360077604266934e+00 1.030957522183488351e+00
6.412039693361979431e+00 1.039727412346302282e+00
6.442719309119692817e+00 1.048502302396522534e+00
6.473398924877405314e+00 1.057252193372793414e+00
6.504078540635117811e+00 1.065927087353639280e+00
6.534758156392831197e+00 1.074484485767003061e+00
6.565437772150543694e+00 1.082889389665101731e+00
6.596117387908257079e+00 1.091124298873027865e+00
6.626797003665969577e+00 1.099171714048301496e+00
6.657476619423682074e+00 1.107041632818265287e+00
6.688156235181395459e+00 1.114746554500412490e+00
6.718835850939107956e+00 1.122313976596535090e+00
6.749515466696820454e+00 1.129761399550996304e+00
6.780195082454533839e+00 1.137116201864655896e+00
6.810874698212246336e+00 1.144371095305185326e+00
6.841554313969959722e+00 1.151523488852468802e+00
6.872233929727672219e+00 1.158555879641616215e+00
6.902913545485384716e+00 1.165423269941211704e+00
6.933593161243098102e+00 1.172085660223766368e+00
6.964272777000810599e+00 1.178493053951921832e+00
6.994952392758523096e+00 1.184612951371901923e+00
7.025632008516236482e+00 1.190400355156472800e+00
7.056311624273948979e+00 1.195825268021084353e+00
7.086991240031661476e+00 1.200887689662600177e+00
7.117670855789374862e+00 1.205580120990430659e+00
7.148350471547087359e+00 1.209917561325713375e+00
7.179030087304800745e+00 1.213907510422224112e+00
7.209709703062513242e+00 1.217569964552361439e+00
7.240389318820225739e+00 1.220932425343318473e+00
7.271068934577939125e+00 1.223989893822426511e+00
7.301748550335651622e+00 1.226764868878143178e+00
7.332428166093364119e+00 1.229252351308906199e+00
7.363107781851077505e+00 1.231452340941081358e+00
7.393787397608790002e+00 1.233359838198786695e+00
7.424467013366502499e+00 1.234959844243363802e+00
7.455146629124215885e+00 1.236244858814361525e+00
7.485826244881928382e+00 1.237204882499564729e+00
7.516505860639641767e+00 1.237829915674699244e+00
7.547185476397354265e+00 1.238127456135209137e+00
7.577865092155066762e+00 1.238095005198988297e+00
7.608544707912780147e+00 1.237744901023346111e+00
7.639224323670492645e+00 1.237099870346256569e+00
7.669903939428205142e+00 1.236179849446559009e+00
7.700583555185918527e+00 1.235007338347967387e+00
7.731263170943631025e+00 1.233612335148139172e+00
7.761942786701344410e+00 1.232017338547534591e+00
7.792622402459056907e+00 1.230239847692866206e+00
7.823302018216769405e+00 1.228294860704888691e+00
7.853981633974482790e+00 1.226177377771465515e+00
7.884661249732195287e+00 1.223882398774950975e+00
7.915340865489907785e+00 1.221397423620797618e+00
7.946020481247621170e+00 1.218689953686975302e+00
7.976700097005333667e+00 1.215737489779343372e+00
8.007379712763047053e+00 1.212505030263802297e+00
8.038059328520759550e+00 1.208967577423657458e+00
8.068738944278472047e+00 1.205107632825459518e+00
8.099418560036184545e+00 1.200915196774716254e+00
8.130098175793897042e+00 1.196390269052562516e+00
8.160777791551611315e+00 1.191547848579247892e+00
8.191457407309323813e+00 1.186420433312302514e+00
8.222137023067036310e+00 1.181045521545458721e+00
8.252816638824748807e+00 1.175468111048075581e+00
8.283496254582461304e+00 1.169745698603385398e+00
8.314175870340175578e+00 1.163925783397007141e+00
8.344855486097888075e+00 1.158065862172958926e+00
8.375535101855600573e+00 1.152200936363002359e+00
8.406214717613313070e+00 1.146366610450032075e+00
8.436894333371025567e+00 1.140581691730257807e+00
8.467573949128738064e+00 1.134859270157759337e+00
8.498253564886452338e+00 1.129189346979730724e+00
8.528933180644164835e+00 1.123569419698314586e+00
8.559612796401877333e+00 1.117971991169703916e+00
8.590292412159589830e+00 1.112389559906671765e+00
8.620972027917302327e+00 1.106792128027880739e+00
8.651651643675016601e+00 1.101164696364792750e+00
8.682331259432729098e+00 1.095497265601014236e+00
8.713010875190441595e+00 1.089787335830476156e+00
8.743690490948154093e+00 1.084032407507160123e+00
8.774370106705866590e+00 1.078252479836138811e+00
8.805049722463580864e+00 1.072455052445155932e+00
8.835729338221293361e+00 1.066665124892395955e+00
8.866408953979005858e+00 1.060905196384645643e+00
8.897088569736718355e+00 1.055192766309615227e+00
8.927768185494430853e+00 1.049552833566212762e+00
8.958447801252143350e+00 1.043997898110962774e+00
8.989127417009857623e+00 1.038532960105642999e+00
9.019807032767570121e+00 1.033168018878813266e+00
9.050486648525282618e+00 1.027893076239541514e+00
9.081166264282995115e+00 1.022703131954734612e+00
9.111845880040707613e+00 1.017585687219416002e+00
9.142525495798421886e+00 1.012523243237304138e+00
9.173205111556134383e+00 1.007505799470896246e+00
9.203884727313846881e+00 1.002526737897839304e+00
9.234564343071559378e+00 9.975808052571887297e-01
9.265243958829271875e+00 9.926731224003954024e-01
9.295923574586984373e+00 9.878094400435123434e-01
9.326603190344698646e+00 9.830035076439189723e-01
9.357282806102411143e+00 9.782688247629843792e-01
9.387962421860123641e+00 9.736196406679502591e-01
9.418642037617836138e+00 9.690677047180932258e-01
9.449321653375548635e+00 9.646217662747798016e-01
9.480001269133262909e+00 9.602848251529003676e-01
9.510680884890975406e+00 9.560581311756977119e-01
9.541360500648687903e+00 9.519384344571233392e-01
9.572040116406400401e+00 9.479219851380745743e-01
9.602719732164112898e+00 9.440050341953444279e-01
9.633399347921825395e+00 9.401868311537644463e-01
9.664078963679539669e+00 9.364681256133218223e-01
9.694758579437252166e+00 9.328539173490519865e-01
9.725438195194964663e+00 9.293504560995581310e-01
9.756117810952677161e+00 9.259644915943361365e-01
9.786797426710389658e+00 9.227045234329898094e-01
9.817477042468103932e+00 9.195758016094496279e-01
9.848156658225816429e+00 9.165818261170765036e-01
9.878836273983528926e+00 9.137230971887089215e-01
9.909515889741241423e+00 9.109971152074763934e-01
9.940195505498953921e+00 9.083991305969270069e-01
9.970875121256666418e+00 9.059211060315404129e-01
1.000155473701438069e+01 9.035609819947284516e-01
1.003223435277209319e+01 9.012963293604485671e-01
1.006291396852980569e+01 8.991345563279863340e-01
1.009359358428751818e+01 8.970619334263091327e-01
1.012427320004523068e+01 8.950719882869686561e-01
1.015495281580294495e+01 8.931609390221765254e-01
1.018563243156065745e+01 8.913206441646845946e-01
1.021631204731836995e+01 8.895650930875912410e-01
1.024699166307608245e+01 8.878922045931804119e-01
1.027767127883379494e+01 8.863084826015682482e-01
1.030835089459150922e+01 8.848238760939516334e-01
1.033903051034922171e+01 8.834429970383458341e-01
1.036971012610693421e+01 8.821831246413781580e-01
1.040038974186464671e+01 8.810458802527045830e-01
1.043106935762235921e+01 8.800325120967729120e-01
1.046174897338007170e+01 8.791380105108692611e-01
1.049242858913778598e+01 8.783616237395712734e-01
1.052310820489549847e+01 8.776895953898357083e-01
1.055378782065321097e+01 8.771114795033263523e-01
1.058446743641092347e+01 8.766172745177458481e-01
1.061514705216863597e+01 8.761989758357759950e-01
1.064582666792635024e+01 8.758572715418686538e-01
1.067650628368406274e+01 8.755944639251036499e-01
1.070718589944177523e+01 8.754183309519019129e-01
1.073786551519948773e+01 8.753400878969265220e-01
1.076854513095720023e+01 8.753714712445946899e-01
1.079922474671491273e+01 8.755219716725276546e-01
1.082990436247262700e+01 8.757968069110843023e-01
1.086058397823033950e+01 8.761970409863599762e-01
1.089126359398805199e+01 8.767166333509377463e-01
1.092194320974576449e+01 8.773482739443010381e-01
1.095262282550347699e+01 8.780753544669162025e-01
1.098330244126119126e+01 8.788878208124786262e-01
1.101398205701890376e+01 8.797777295366557837e-01
1.104466167277661626e+01 8.807405471244387218e-01
1.107534128853432875e+01 8.817822620076454232e-01
1.110602090429204125e+01 8.829058329373041802e-01
1.113670052004975375e+01 8.841282726738305398e-01
1.116738013580746802e+01 8.854658839341463805e-01
1.119805975156518052e+01 8.869358214837909093e-01
1.122873936732289302e+01 8.885582758031369544e-01
1.125941898308060551e+01 8.903319457176586127e-01
1.129009859883831801e+01 8.922644117427881438e-01
1.132077821459603229e+01 8.943510183086812448e-01
1.135145783035374478e+01 8.965796865194279874e-01
1.138213744611145728e+01 8.989402447741093871e-01
1.141281706186916978e+01 9.013939064926840272e-01
1.144349667762688227e+01 9.039229761206589719e-01
1.147417629338459477e+01 9.065017573315617971e-01
1.150485590914230905e+01 9.091055080218334306e-01
1.153553552490002154e+01 9.117222557305473263e-01
1.156621514065773404e+01 9.143180193246854826e-01
1.159689475641544654e+01 9.168900604014416089e-01
1.162757437217315903e+01 9.194328758955897518e-01
1.165825398793087331e+01 9.219462306073663571e-01
1.168893360368858581e+01 9.244437082712209097e-01
1.171961321944629830e+01 9.269163137994163026e-01
1.175029283520401080e+01 9.293851734322967628e-01
1.178097245096172330e+01 9.318637743158897369e-01
1.181165206671943579e+01 9.343658407833481672e-01
1.184233168247715007e+01 9.369121695325006716e-01
1.187301129823486256e+01 9.394972219426149795e-01
1.190369091399257506e+01 9.421364683665924833e-01
1.193437052975028756e+01 9.448336591138770668e-01
1.196505014550800006e+01 9.475985963993327488e-01
1.199572976126571433e+01 9.504107786067705899e-01
1.202640937702342683e+01 9.532751395191033650e-01
1.205708899278113932e+01 9.561854558380088465e-01
1.208776860853885182e+01 9.591367302334646849e-01
1.211844822429656432e+01 9.621339978155167838e-01
1.214912784005427859e+01 9.651545188158215938e-01
1.217980745581199109e+01 9.682057487990983757e-01
1.221048707156970359e+01 9.712869515771104245e-01
1.224116668732741608e+01 9.743971228871255441e-01
1.227184630308512858e+01 9.775455269852237894e-01
1.230252591884284108e+01 9.807106929846562959e-01
1.233320553460055535e+01 9.838983283387160439e-01
1.236388515035826785e+01 9.871041982849942942e-01
1.239456476611598035e+01 9.903230533113867029e-01
1.242524438187369284e+01 9.935586662408082415e-01
1.245592399763140534e+01 9.967842674062520336e-01
1.248660361338911962e+01 1.000002627875758110e+00
1.251728322914683211e+01 1.003210996162081425e+00
1.254796284490454461e+01 1.006398639561377095e+00
1.257864246066225711e+01 1.009571832508942224e+00
1.260932207641996960e+01 1.012702225619537710e+00
1.264000169217768210e+01 1.015795167839773416e+00
1.267068130793539638e+01 1.018838146015090595e+00
1.270136092369310887e+01 1.021823697378930529e+00
1.273204053945082137e+01 1.024753776639392600e+00
1.276272015520853387e+01 1.027611834977454564e+00
1.279339977096624636e+01 1.030404979148229927e+00
1.282407938672396064e+01 1.033138163605538562e+00
1.285475900248167314e+01 1.035818917724986798e+00
1.288543861823938563e+01 1.038470789468924682e+00
1.291611823399709813e+01 1.041084042762458139e+00
1.294679784975481063e+01 1.043679818069645604e+00
1.297747746551252312e+01 1.046258106222225148e+00
1.300815708127023740e+01 1.048816421109179498e+00
1.303883669702794990e+01 1.051352964450466221e+00
1.306951631278566239e+01 1.053831280580242336e+00
1.310019592854337489e+01 1.056239680384023716e+00
1.313087554430108739e+01 1.058548159848062165e+00
1.316155516005880166e+01 1.060746786714311662e+00
1.319223477581651416e+01 1.062824689064020056e+00
1.322291439157422666e+01 1.064755847321511961e+00
1.325359400733193915e+01 1.066562147174347608e+00
1.328427362308965165e+01 1.068241056572984071e+00
1.331495323884736415e+01 1.069817597207873394e+00
1.334563285460507842e+01 1.071314027685627002e+00
1.337631247036279092e+01 1.072740558526020571e+00
1.340699208612050342e+01 1.074114645550999780e+00
1.343767170187821591e+01 1.075448769446495811e+00
1.346835131763592841e+01 1.076750434567452563e+00
1.349903093339364268e+01 1.078018734312938598e+00
1.352971054915135518e+01 1.079242903754164207e+00
1.356039016490906768e+01 1.080417123575509786e+00
1.359106978066678018e+01 1.081536397535726168e+00
1.362174939642449267e+01 1.082591584868994206e+00
1.365242901218220695e+01 1.083575855245110686e+00
1.368310862793991944e+01 1.084480232560921298e+00
1.371378824369763194e+01 1.085307183115953977e+00
1.374446785945534444e+01 1.086049222659465574e+00
1.377514747521305694e+01 1.086710877595550961e+00
1.380582709097076943e+01 1.087277919159971296e+00
1.383650670672848371e+01 1.087752581376428829e+00
1.386718632248619620e+01 1.088124834043195710e+00
1.389786593824390870e+01 1.088399694886549751e+00
1.392854555400162120e+01 1.088557559353748205e+00
1.395922516975933370e+01 1.088597434411050724e+00
1.398990478551704797e+01 1.088517466096092567e+00
1.402058440127476047e+01 1.088300110512141483e+00
1.405126401703247296e+01 1.087950410229271414e+00
1.408194363279018546e+01 1.087461615263456416e+00
1.411262324854789796e+01 1.086839430145527974e+00
1.414330286430561046e+01 1.086087418362625234e+00
1.417398248006332473e+01 1.085212999346729212e+00
1.420466209582103723e+01 1.084221225403831257e+00
1.423534171157874972e+01 1.083118376373400471e+00
1.426602132733646222e+01 1.081924112518816594e+00
1.429670094309417472e+01 1.080647458451632792e+00
1.432738055885188899e+01 1.079295856487062499e+00
1.435806017460960149e+01 1.077866855058901452e+00
1.438873979036731399e+01 1.076370481319313122e+00
1.441941940612502648e+01 1.074813979124041863e+00
1.445009902188273898e+01 1.073200051454702875e+00
1.448077863764045148e+01 1.071536158577480302e+00
1.451145825339816575e+01 1.069819835498001748e+00
1.454213786915587825e+01 1.068052779658613005e+00
1.457281748491359075e+01 1.066253954891972722e+00
1.460349710067130324e+01 1.064420173298637362e+00
1.463417671642901574e+01 1.062558912561920588e+00
1.466485633218673001e+01 1.060670188344204679e+00
1.469553594794444251e+01 1.058747728370937224e+00
1.472621556370215501e+01 1.056809000019462541e+00
1.475689517945986751e+01 1.054837809723629061e+00
1.478757479521758000e+01 1.052839142005369322e+00
1.481825441097529250e+01 1.050808018231033092e+00
1.484893402673300677e+01 1.048737691834805030e+00
1.487961364249071927e+01 1.046656562356501174e+00
1.491029325824843177e+01 1.044547963358169795e+00
1.494097287400614427e+01 1.042429373195667086e+00
1.497165248976385676e+01 1.040308284706065622e+00
1.500233210552157104e+01 1.038177793399005955e+00
1.503301172127928353e+01 1.036069194400674576e+00
1.506369133703699603e+01 1.033960595402343419e+00
1.509437095279470853e+01 1.031866982211566253e+00
1.512505056855242103e+01 1.029778365202782986e+00
1.515573018431013530e+01 1.027680440191213851e+00
1.518640980006784780e+01 1.025586830435103902e+00
1.521708941582556029e+01 1.023490723136999625e+00
1.524776903158327279e+01 1.021384625926327505e+00
1.527844864734098529e+01 1.019259120832096244e+00
1.530912826309869779e+01 1.017128025265579661e+00
1.533980787885641206e+01 1.014984447581809945e+00
1.537048749461412456e+01 1.012833376802706686e+00
1.540116711037183705e+01 1.010659830128379566e+00
1.543184672612954955e+01 1.008471640132541314e+00
1.546252634188726205e+01 1.006265595146914604e+00
1.549320595764497632e+01 1.004047067245983804e+00
1.552388557340268882e+01 1.001818547925472425e+00
1.555456518916040132e+01 9.995755450465628744e-01
1.558524480491811381e+01 9.973222253734520537e-01
1.561592442067582631e+01 9.950799759214247198e-01
1.564660403643353881e+01 9.928512101525166500e-01
1.567728365219125308e+01 9.906481739004685538e-01
1.570796326794896558e+01 9.884803454723681826e-01
1.573864288370667808e+01 9.863493525560724784e-01
1.576932249946439057e+01 9.842765197624363527e-01
1.580000211522210307e+01 9.822581146981300693e-01
1.583068173097981735e+01 9.802956685924555380e-01
1.586136134673752984e+01 9.783884029234992674e-01
1.589204096249524234e+01 9.765280922859066459e-01
1.592272057825295484e+01 9.747248237886197986e-01
1.595340019401066733e+01 9.729712392314600056e-01
1.598407980976837983e+01 9.712683706565042874e-01
1.601475942552609411e+01 9.696196803823560195e-01
1.604543904128380660e+01 9.680233065198053932e-01
1.607611865704151910e+01 9.664961140943884033e-01
1.610679827279923160e+01 9.650393320139062370e-01
1.613747788855694409e+01 9.636567464554224305e-01
1.616815750431465659e+01 9.623495605653560325e-01
1.619883712007236909e+01 9.611140946969345400e-01
1.622951673583008159e+01 9.599526504811358718e-01
1.626019635158779764e+01 9.588536306951570554e-01
1.629087596734551013e+01 9.578080690281680631e-01
1.632155558310322263e+01 9.568062004214664684e-01
1.635223519886093513e+01 9.558379294157525186e-01
1.638291481461864763e+01 9.549048143681764245e-01
1.641359443037636012e+01 9.540026637777765384e-01
1.644427404613407262e+01 9.531347342323308602e-01
1.647495366189178512e+01 9.523067505251679998e-01
1.650563327764949761e+01 9.515234616882541907e-01
1.653631289340721011e+01 9.507967191379128602e-01
1.656699250916492261e+01 9.501284131757642415e-01
1.659767212492263866e+01 9.495208020536494153e-01
1.662835174068035116e+01 9.489718634016715004e-01
1.665903135643806365e+01 9.484747931867452131e-01
1.668971097219577615e+01 9.480278549847415137e-01
1.672039058795348865e+01 9.476223743953704481e-01
1.675107020371120115e+01 9.472558559540363854e-01
1.678174981946891364e+01 9.469255293926388539e-01
1.681242943522662614e+01 9.466357653331688438e-01
1.684310905098433864e+01 9.463911936893156795e-01
1.687378866674205113e+01 9.462003205098459269e-01
1.690446828249976363e+01 9.460708837920612790e-01
1.693514789825747968e+01 9.460110230130063247e-01
1.696582751401519218e+01 9.460258317802568984e-01
1.699650712977290468e+01 9.461170387260465775e-01
1.702718674553061717e+01 9.462836780070760234e-01
1.705786636128832967e+01 9.465202405874596492e-01
1.708854597704604217e+01 9.468215331540191793e-01
1.711922559280375467e+01 9.471773347071892335e-01
1.714990520856146716e+01 9.475785745231474211e-01
1.718058482431917966e+01 9.480175328691270442e-01
1.721126444007689216e+01 9.484859570451479316e-01
1.724194405583460465e+01 9.489789800783665630e-01
1.727262367159232070e+01 9.494874038435334729e-01
1.730330328735003320e+01 9.500108074215457554e-01
1.733398290310774570e+01 9.505467013612874938e-01
1.736466251886545820e+01 9.510958291243181151e-01
1.739534213462317069e+01 9.516640570084177186e-01
1.742602175038088319e+01 9.522516860703398311e-01
1.745670136613859569e+01 9.528667789470083305e-01
1.748738098189630819e+01 9.535168470268255980e-01
1.751806059765402068e+01 9.542073631263494615e-01
1.754874021341173318e+01 9.549457779307770622e-01
1.757941982916944923e+01 9.557300381972457792e-01
1.761009944492716173e+01 9.565627349343829300e-01
1.764077906068487422e+01 9.574404009787130798e-01
1.767145867644258672e+01 9.583595119758328007e-01
1.770213829220029922e+01 9.593179835826088908e-01
1.773281790795801172e+01 9.603063446958695071e-01
1.776349752371572421e+01 9.613251677663902095e-01
1.779417713947343671e+01 9.623727194284374953e-01
1.782485675523114921e+01 9.634512297421244931e-01
1.785553637098886171e+01 9.645658600617333933e-01
1.788621598674657420e+01 9.657131172081881987e-01
1.791689560250429025e+01 9.668975802237202988e-01
1.794757521826200275e+01 9.681192631702050244e-01
1.797825483401971525e+01 9.693761495924526628e-01
1.800893444977742774e+01 9.706694770201804712e-01
1.803961406553514024e+01 9.719848631336286404e-01
1.807029368129285274e+01 9.733222245599401079e-01
1.810097329705056524e+01 9.746778201123483809e-01
1.813165291280827773e+01 9.760486460307737921e-01
1.816233252856599023e+01 9.774402381554050390e-01
1.819301214432370273e+01 9.788438126144750617e-01
1.822369176008141523e+01 9.802651182663124629e-01
1.825437137583913128e+01 9.817061555035838660e-01
1.828505099159684377e+01 9.831654189081202588e-01
1.831573060735455627e+01 9.846439780261605490e-01
1.834641022311226877e+01 9.861254933400921407e-01
1.837708983886998126e+01 9.876060096510058672e-01
1.840776945462769376e+01 9.890745379014787009e-01
1.843844907038540626e+01 9.905257629119914586e-01
1.846912868614311876e+01 9.919405371388320125e-01
1.849980830190083125e+01 9.933171115518374394e-01
1.853048791765854375e+01 9.946532238081261523e-01
1.856116753341625625e+01 9.959496281017667929e-01
1.859184714917397230e+01 9.972156459496829273e-01
1.862252676493168480e+01 9.984493123149595917e-01
1.865320638068939729e+01 9.996670008629349180e-01
1.868388599644710979e+01 1.000873199436861816e+00
1.871456561220482229e+01 1.002078898570850862e+00
1.874524522796253478e+01 1.003289293649654468e+00
1.877592484372024728e+01 1.004505983228667798e+00
1.880660445947795978e+01 1.005720176853889702e+00
1.883728407523567228e+01 1.006936868456007383e+00
1.886796369099338477e+01 1.008143571885163459e+00
1.889864330675109727e+01 1.009339146926120812e+00
1.892932292250881332e+01 1.010505849327484551e+00
1.896000253826652582e+01 1.011642590534261865e+00
1.899068215402423832e+01 1.012736863474154481e+00
1.902136176978195081e+01 1.013786192451825663e+00
1.905204138553966331e+01 1.014796294140653865e+00
1.908272100129737581e+01 1.015755624224229825e+00
1.911340061705508830e+01 1.016667517536826271e+00
1.914408023281280080e+01 1.017539438212676339e+00
1.917475984857051330e+01 1.018376404663771995e+00
1.920543946432822580e+01 1.019186015531573286e+00
1.923611908008593829e+01 1.019975480109654331e+00
1.926679869584365434e+01 1.020747467183688029e+00
1.929747831160136684e+01 1.021516956023877931e+00
1.932815792735907934e+01 1.022288941331755296e+00
1.935883754311679184e+01 1.023068472207747437e+00
1.938951715887450433e+01 1.023862949931399813e+00
1.942019677463221683e+01 1.024667415426024020e+00
1.945087639038992933e+01 1.025489367462401269e+00
1.948155600614764182e+01 1.026318810589659458e+00
1.951223562190535432e+01 1.027150951464572914e+00
1.954291523766306682e+01 1.027970398313505118e+00
1.957359485342077932e+01 1.028772365468083816e+00
1.960427446917849537e+01 1.029544357571348323e+00
1.963495408493620786e+01 1.030281396991545639e+00
1.966563370069392036e+01 1.030975713532607418e+00
1.969631331645163286e+01 1.031625261340785249e+00
1.972699293220934535e+01 1.032227361291730539e+00
1.975767254796705785e+01 1.032784501481812223e+00
1.978835216372477035e+01 1.033299197534796487e+00
1.981903177948248285e+01 1.033777952883504492e+00
1.984971139524019534e+01 1.034215145688331505e+00
1.988039101099790784e+01 1.034607385075462016e+00
1.991107062675562034e+01 1.034952169909794328e+00
1.994175024251333639e+01 1.035237855952659602e+00
1.997242985827104889e+01 1.035455136161496759e+00
2.000310947402876138e+01 1.035595017744516344e+00
2.003378908978647388e+01 1.035652479565560835e+00
2.006446870554418638e+01 1.035620033129309947e+00
2.009514832130189887e+01 1.035502189138204354e+00
2.012582793705961137e+01 1.035304754299475771e+00
2.015650755281732387e+01 1.035034920658514990e+00
2.018718716857503637e+01 1.034712634792656294e+00
2.021786678433274886e+01 1.034342900319116687e+00
2.024854640009046136e+01 1.033946891660051826e+00
2.027922601584817741e+01 1.033544658912739722e+00
2.030990563160588991e+01 1.033142427082627490e+00
2.034058524736360241e+01 1.032745191015405961e+00
2.037126486312131490e+01 1.032357943502947739e+00
2.040194447887902740e+01 1.031981967557392466e+00
2.043262409463673990e+01 1.031614705684404498e+00
2.046330371039445239e+01 1.031239953771144080e+00
2.049398332615216489e+01 1.030857707744195384e+00
2.052466294190987739e+01 1.030455485859324893e+00
2.055534255766758989e+01 1.030029362328107823e+00
2.058602217342530594e+01 1.029569640674948383e+00
2.061670178918301843e+01 1.029072469111824262e+00
2.064738140494073093e+01 1.028542821022196074e+00
2.067806102069844343e+01 1.027983211023090204e+00
2.070874063645615593e+01 1.027389182638056120e+00
2.073942025221386842e+01 1.026772077804010364e+00
2.077009986797158092e+01 1.026132502752383990e+00
2.080077948372929342e+01 1.025472941066406074e+00
2.083145909948700591e+01 1.024795902609040743e+00
2.086213871524471841e+01 1.024089076256783137e+00
2.089281833100243091e+01 1.023357047695949706e+00
2.092349794676014696e+01 1.022600050662188620e+00
2.095417756251785946e+01 1.021805581035775345e+00
2.098485717827557195e+01 1.020976157720888455e+00
2.101553679403328445e+01 1.020111421347558389e+00
2.104621640979099695e+01 1.019212002895582225e+00
2.107689602554870945e+01 1.018282620398687222e+00
2.110757564130642194e+01 1.017340747819827307e+00
2.113825525706413444e+01 1.016383895484074706e+00
2.116893487282184694e+01 1.015423929393010072e+00
2.119961448857955943e+01 1.014482064634702363e+00
2.123029410433727193e+01 1.013560177157943443e+00
2.126097372009498798e+01 1.012663268280610707e+00
2.129165333585270048e+01 1.011798814804150348e+00
2.132233295161041298e+01 1.010969144009468801e+00
2.135301256736812547e+01 1.010172186839198405e+00
2.138369218312583797e+01 1.009407694785300791e+00
2.141437179888355047e+01 1.008670677469816868e+00
2.144505141464126297e+01 1.007951139461181977e+00
2.147573103039897546e+01 1.007246797520283899e+00
2.150641064615668796e+01 1.006552261588510522e+00
2.153709026191440046e+01 1.005865218076021250e+00
2.156776987767211295e+01 1.005170681922406439e+00
2.159844949342982900e+01 1.004476371485313324e+00
2.162912910918754150e+01 1.003776831531686842e+00
2.165980872494525400e+01 1.003072298217878577e+00
2.169048834070296650e+01 1.002362769644980389e+00
2.172116795646067899e+01 1.001645249422190131e+00
2.175184757221839149e+01 1.000919371515698986e+00
2.178252718797610399e+01 1.000191600411059589e+00
2.181320680373381649e+01 9.994585861674194494e-01
2.184388641949152898e+01 9.987198270159898250e-01
2.187456603524924148e+01 9.979783209070053340e-01
2.190524565100695398e+01 9.972341533349307063e-01
2.193592526676467003e+01 9.964971516632600279e-01
2.196660488252238252e+01 9.957706370817299701e-01
2.199728449828009502e+01 9.950611085088315599e-01
2.202796411403780752e+01 9.943753021739920595e-01
2.205864372979552002e+01 9.937181150770205695e-01
2.208932334555323251e+01 9.930973053318484789e-01
2.212000296131094501e+01 9.925129469954279138e-01
2.215068257706865751e+01 9.919638118534453985e-01
2.218136219282637001e+01 9.914451391505900713e-01
2.221204180858408250e+01 9.909493463152977411e-01
2.224272142434179500e+01 9.904696683414189184e-01
2.227340104009951105e+01 9.899947337547974069e-01
2.230408065585722355e+01 9.895155521340865956e-01
2.233476027161493604e+01 9.890238866894284220e-01
2.236543988737264854e+01 9.885130639891609450e-01
2.239611950313036104e+01 9.879854037717900050e-01
2.242679911888807354e+01 9.874407656418892065e-01
2.245747873464578603e+01 9.868843856510084445e-01
2.248815835040349853e+01 9.863250093928872531e-01
2.251883796616121103e+01 9.857700862105200912e-01
2.254951758191892353e+01 9.852337072066432722e-01
2.258019719767663602e+01 9.847227966673557376e-01
2.261087681343435207e+01 9.842451110155824301e-01
2.264155642919206457e+01 9.838041262416613586e-01
2.267223604494977707e+01 9.834003182237692764e-01
2.270291566070748956e+01 9.830328277067116316e-01
2.273359527646520206e+01 9.826953019665758404e-01
2.276427489222291456e+01 9.823795084383568632e-01
2.279495450798062706e+01 9.820781967701576187e-01
2.282563412373833955e+01 9.817824248796918063e-01
2.285631373949605205e+01 9.814901186468374394e-01
2.288699335525376455e+01 9.811968135255054735e-01
2.291767297101147705e+01 9.809045075237505795e-01
2.294835258676919310e+01 9.806179428581085489e-01
2.297903220252690559e+01 9.803432338309054916e-01
2.300971181828461809e+01 9.800896640575883501e-01
2.304039143404233059e+01 9.798665622915325724e-01
2.307107104980004308e+01 9.796794265773597354e-01
2.310175066555775558e+01 9.795330796019923181e-01
2.313243028131546808e+01 9.794299390921423765e-01
2.316310989707318058e+01 9.793682424240645057e-01
2.319378951283089307e+01 9.793447580276375408e-01
2.322446912858860557e+01 9.793542404469575136e-01
2.325514874434631807e+01 9.793910928841778052e-01
2.328582836010403412e+01 9.794495706693147064e-01
2.331650797586174662e+01 9.795260239665553037e-01
2.334718759161945911e+01 9.796182127142311069e-01
2.337786720737717161e+01 9.797246362405755971e-01
2.340854682313488411e+01 9.798444517055240333e-01
2.343922643889259660e+01 9.799766244436476370e-01
2.346990605465030910e+01 9.801210305690813973e-01
2.350058567040802160e+01 9.802759276518971943e-01
2.353126528616573410e+01 9.804395648407048247e-01
2.356194490192344659e+01 9.806105074181931114e-01
2.359262451768115909e+01 9.807863931529102741e-01
2.362330413343887514e+01 9.809655248410251716e-01
2.365398374919658764e+01 9.811499023363768890e-01
2.368466336495430014e+01 9.813412714784608415e-01
2.371534298071201263e+01 9.815443055550617801e-01
2.374602259646972513e+01 9.817624264659158273e-01
2.377670221222743763e+01 9.820020191318040714e-01
2.380738182798515012e+01 9.822673428446273558e-01
2.383806144374286262e+01 9.825621295082783702e-01
2.386874105950057512e+01 9.828892264640742837e-01
2.389942067525828762e+01 9.832452589458244852e-01
2.393010029101600367e+01 9.836295038580948891e-01
2.396077990677371616e+01 9.840362336174887092e-01
2.399145952253142866e+01 9.844611893145436277e-01
2.402213913828914116e+01 9.848995682701103815e-01
2.405281875404685366e+01 9.853450252018927102e-01
2.408349836980456615e+01 9.857952260780767917e-01
2.411417798556227865e+01 9.862486746237422164e-01
2.414485760131999115e+01 9.867063674724610989e-01
2.417553721707770364e+01 9.871718240158401381e-01
2.420621683283541614e+01 9.876450166112775708e-01
2.423689644859312864e+01 9.881309437501110127e-01
2.426757606435084469e+01 9.886328584143391218e-01
2.429825568010855719e+01 9.891537475002144530e-01
2.432893529586626968e+01 9.896958946956680991e-01
2.435961491162398218e+01 9.902562808679663542e-01
2.439029452738169468e+01 9.908341469204712260e-01
2.442097414313940718e+01 9.914262509710130011e-01
2.445165375889711967e+01 9.920290913698595059e-01
2.448233337465483217e+01 9.926394139599491462e-01
2.451301299041254467e+01 9.932497571636228484e-01
2.454369260617025716e+01 9.938571036286636406e-01
2.457437222192796966e+01 9.944587052964377616e-01
2.460505183768568571e+01 9.950530669532104966e-01
2.463573145344339821e+01 9.956405916730801664e-01
2.466641106920111071e+01 9.962177053390890435e-01
2.469709068495882320e+01 9.967868272014349662e-01
2.472777030071653570e+01 9.973479568030076958e-01
2.475844991647424820e+01 9.979041402042231335e-01
2.478912953223196070e+01 9.984512672950403012e-01
2.481980914798967319e+01 9.989886574079982484e-01
2.485048876374738569e+01 9.995165566595946016e-01
2.488116837950509819e+01 1.000031219558473072e+00
2.491184799526281068e+01 1.000533753150419036e+00
2.494252761102052673e+01 1.001015162591389673e+00
2.497320722677823923e+01 1.001473602869775048e+00
2.500388684253595173e+01 1.001910312709713535e+00
2.503456645829366423e+01 1.002332038938108294e+00
2.506524607405137672e+01 1.002730574049662815e+00
2.509592568980908922e+01 1.003112811708595675e+00
2.512660530556680172e+01 1.003485062647164971e+00
2.515728492132451422e+01 1.003847321953750482e+00
2.518796453708222671e+01 1.004212078372475947e+00
2.521864415283993921e+01 1.004580528539696482e+00
2.524932376859765171e+01 1.004947788397479780e+00
2.528000338435536776e+01 1.005320042166642835e+00
2.531068300011308025e+01 1.005702288193591309e+00
2.534136261587079275e+01 1.006084534220540005e+00
2.537204223162850525e+01 1.006468022736769941e+00
2.540272184738621775e+01 1.006847766865466953e+00
2.543340146314393024e+01 1.007222517633982406e+00
2.546408107890164274e+01 1.007592271960703778e+00
2.549476069465935524e+01 1.007954535889707293e+00
2.552544031041706774e+01 1.008307952999800916e+00
2.555611992617478023e+01 1.008652715812804912e+00
2.558679954193249273e+01 1.008984995038845422e+00
2.561747915769020878e+01 1.009307281053911876e+00
2.564815877344792128e+01 1.009619580348614765e+00
2.567883838920563377e+01 1.009920353255719716e+00
2.570951800496334627e+01 1.010202655417436146e+00
2.574019762072105877e+01 1.010467479462250129e+00
2.577087723647877127e+01 1.010714816483012646e+00
2.580155685223648376e+01 1.010934690797786084e+00
2.583223646799419626e+01 1.011132701940032907e+00
2.586291608375190876e+01 1.011302574655851716e+00
2.589359569950962126e+01 1.011444980038440633e+00
2.592427531526733375e+01 1.011562405522602903e+00
2.595495493102504980e+01 1.011647375216192968e+00
2.598563454678276230e+01 1.011712545012094733e+00
2.601631416254047480e+01 1.011752509226410801e+00
2.604699377829818729e+01 1.011772495946773986e+00
2.607767339405589979e+01 1.011772499999999964e+00
2.610835300981361229e+01 1.011765011479687226e+00
2.613903262557132479e+01 1.011747481402361704e+00
2.616971224132903728e+01 1.011729991028341935e+00
2.620039185708674978e+01 1.011707505967933240e+00
2.623107147284446228e+01 1.011702504646116552e+00
2.626175108860217478e+01 1.011702500000000171e+00
2.629243070435989083e+01 1.011712527503905390e+00
2.632311032011760332e+01 1.011740007563604271e+00
2.635378993587531582e+01 1.011762492624012966e+00
2.638446955163302832e+01 1.011797465286877973e+00
2.641514916739074081e+01 1.011820020019296162e+00
2.644582878314845331e+01 1.011832492968286257e+00
2.647650839890616581e+01 1.011824991108649874e+00
2.650718801466387831e+01 1.011792512688059587e+00
2.653786763042159080e+01 1.011730065898978959e+00
2.656854724617930330e+01 1.011632303782154185e+00
2.659922686193701580e+01 1.011504860002934159e+00
2.662990647769473185e+01 1.011344962020030769e+00
2.666058609345244435e+01 1.011165081536760768e+00
2.669126570921015684e+01 1.010965223392767731e+00
2.672194532496786934e+01 1.010754682577586383e+00
2.675262494072558184e+01 1.010539827364684395e+00
2.678330455648329433e+01 1.010327468831873077e+00
2.681398417224100683e+01 1.010117608268058298e+00
2.684466378799871933e+01 1.009920232959943043e+00
2.687534340375643183e+01 1.009727252584450508e+00
2.690602301951414432e+01 1.009552370655824483e+00
2.693670263527186037e+01 1.009379986265684037e+00
2.696738225102957287e+01 1.009220092502777444e+00
2.699806186678728537e+01 1.009057701845181176e+00
2.702874148254499787e+01 1.008902283804325783e+00
2.705942109830271036e+01 1.008742381450905112e+00
2.709010071406042286e+01 1.008569995813326514e+00
2.712078032981813536e+01 1.008390115330056513e+00
2.715145994557584785e+01 1.008200247893830337e+00
2.718213956133356035e+01 1.007987206833766081e+00
2.721281917709127285e+01 1.007759848519718782e+00
2.724349879284898535e+01 1.007517509535313494e+00
2.727417840860670140e+01 1.007255184616962174e+00
2.730485802436441389e+01 1.006987865748616207e+00
2.733553764012212639e+01 1.006714662832782325e+00
2.736621725587983889e+01 1.006439849643392170e+00
2.739689687163755138e+01 1.006172527258532678e+00
2.742757648739526388e+01 1.005910201044258878e+00
2.745825610315297638e+01 1.005662853891519326e+00
2.748893571891068888e+01 1.005424741125158672e+00
2.751961533466840137e+01 1.005202391358619662e+00
2.755029495042611387e+01 1.004985035774668356e+00
2.758097456618382637e+01 1.004780169834929016e+00
2.761165418194154242e+01 1.004577802220092630e+00
2.764233379769925492e+01 1.004374771562781987e+00
2.767301341345696741e+01 1.004167406062109080e+00
2.770369302921467991e+01 1.003952548818203505e+00
2.773437264497239241e+01 1.003727700484730034e+00
2.776505226073010490e+01 1.003485377093581432e+00
2.779573187648781740e+01 1.003227206674012661e+00
2.782641149224552990e+01 1.002944886762075827e+00
2.785709110800324240e+01 1.002642587616580538e+00
2.788777072376095489e+01 1.002318309450800360e+00
2.791845033951866739e+01 1.001965887973115921e+00
2.794912995527638344e+01 1.001592863362271491e+00
2.797980957103409594e+01 1.001196869138711198e+00
2.801048918679180844e+01 1.000777397845086014e+00
2.804116880254952093e+01 1.000349934681089348e+00
2.807184841830723343e+01 9.999057902853988322e-01
2.810252803406494593e+01 9.994560897620952122e-01
2.813320764982265842e+01 9.990071398624881249e-01
2.816388726558037092e+01 9.985654333424585083e-01
2.819456688133808342e+01 9.981357138770236004e-01
2.822524649709579592e+01 9.977244168930983204e-01
2.825592611285350841e+01 9.973396982561960611e-01
2.828660572861122446e+01 9.969851902414416100e-01
2.831728534436893696e+01 9.966651528816237171e-01
2.834796496012664946e+01 9.963823230059986047e-01
2.837864457588436196e+01 9.961359450835272078e-01
2.840932419164207445e+01 9.959261103267570414e-01
2.844000380739978695e+01 9.957489814900840619e-01
2.847068342315749945e+01 9.955998305893727363e-01
2.850136303891521194e+01 9.954734022989323305e-01
2.853204265467292444e+01 9.953643666173094262e-01
2.856272227043063694e+01 9.952684377951326322e-01
2.859340188618834944e+01 9.951827452230898041e-01
2.862408150194606549e+01 9.951050468476773103e-01
2.865476111770377798e+01 9.950353383400704077e-01
2.868544073346149048e+01 9.949724260296262113e-01
2.871612034921920298e+01 9.949167175207902503e-01
2.874679996497691548e+01 9.948677500559001130e-01
2.877747958073462797e+01 9.948217805956418580e-01
2.880815919649234047e+01 9.947763104742540774e-01
2.883883881225005297e+01 9.947246709848329704e-01
2.886951842800776546e+01 9.946622016790024334e-01
2.890019804376547796e+01 9.945817551295400571e-01
2.893087765952319046e+01 9.944793245895399147e-01
2.896155727528090651e+01 9.943511784835579181e-01
2.899223689103861901e+01 9.941965355032446050e-01
2.902291650679633150e+01 9.940181428671280850e-01
2.905359612255404400e+01 9.938190251655083518e-01
2.908427573831175650e+01 9.936059185278507400e-01
2.911495535406946900e+01 9.933850713925291842e-01
2.914563496982718149e+01 9.931637562363838656e-01
2.917631458558489399e+01 9.929499053362284000e-01
2.920699420134260649e+01 9.927507876346086668e-01
2.923767381710031898e+01 9.925714030889409845e-01
2.926835343285803148e+01 9.924174835941323991e-01
2.929903304861574753e+01 9.922921509618030100e-01
2.932971266437346003e+01 9.922002267957327204e-01
2.936039228013117253e+01 9.921440141447107619e-01
2.939107189588888502e+01 9.921245178511454155e-01
2.942175151164659752e+01 9.921419723600590768e-01
2.945243112740431002e+01 9.921948364368475826e-01
2.948311074316202252e+01 9.922800394557497183e-01
2.951379035891973501e+01 9.923927145917981196e-01
2.954446997467744751e+01 9.925263691893519979e-01
2.957514959043516001e+01 9.926742487598375630e-01
2.960582920619287250e+01 9.928281462687997827e-01
2.963650882195058855e+01 9.929817923137531643e-01
2.966718843770830105e+01 9.931289445424282825e-01
2.969786805346601355e+01 9.932661071771403671e-01
2.972854766922372605e+01 9.933921777891243643e-01
2.975922728498143854e+01 9.935065937643499101e-01
2.978990690073915104e+01 9.936120224779777521e-01
2.982058651649686354e+01 9.937119560797942341e-01
2.985126613225457604e+01 9.938093924395706713e-01
2.988194574801228853e+01 9.939094057220613232e-01
2.991262536377000103e+01 9.940138414995935978e-01
2.994330497952771708e+01 9.941245190990029013e-01
2.997398459528542958e+01 9.942421909151419879e-01
3.000466421104314207e+01 9.943671042794917092e-01
3.003534382680085457e+01 9.944981930806129355e-01
3.006602344255856707e+01 9.946333553769732827e-01
3.009670305831627957e+01 9.947712638470997959e-01
3.012738267407399206e+01 9.949101715536249335e-01
3.015806228983170456e+01 9.950495786459778724e-01
3.018874190558941706e+01 9.951886883704019748e-01
3.021942152134712956e+01 9.953265963903983327e-01
3.025010113710484205e+01 9.954640050373374516e-01
3.028078075286255810e+01 9.955999147358081114e-01
3.031146036862027060e+01 9.957340766933964193e-01
3.034213998437798310e+01 9.958681732222237626e-01
3.037281960013569559e+01 9.960010852318605945e-01
3.040349921589340809e+01 9.961344965902857451e-01
3.043417883165112059e+01 9.962701563972846674e-01
3.046485844740883309e+01 9.964108094942277782e-01
3.049553806316654558e+01 9.965584431054784753e-01
3.052621767892425808e+01 9.967140960247758974e-01
3.055689729468197058e+01 9.968807353058052323e-01
3.058757691043968308e+01 9.970578666897536024e-01
3.061825652619739913e+01 9.972452344841046257e-01
3.064893614195511162e+01 9.974424878070010658e-01
3.067961575771282412e+01 9.976443556074727770e-01
3.071029537347053662e+01 9.978499689932106564e-01
3.074097498922824911e+01 9.980563317679359558e-01
3.077165460498596161e+01 9.982611968736846420e-01
3.080233422074367411e+01 9.984674785098519578e-01
3.083301383650138661e+01 9.986723430696264892e-01
3.086369345225909910e+01 9.988787059573780436e-01
3.089437306801681160e+01 9.990863177485503899e-01
3.092505268377452410e+01 9.992946786503905665e-01
3.095573229953224015e+01 9.995009638397369667e-01
3.098641191528995265e+01 9.997039999999999260e-01
3.101709153104766514e+01 9.997039999999999260e-01
3.104777114680537764e+01 9.997039999999999260e-01
3.107845076256309014e+01 9.997039999999999260e-01
3.110913037832080263e+01 9.997039999999999260e-01
3.113980999407851513e+01 9.997039999999999260e-01
3.117048960983622763e+01 9.997039999999999260e-01
3.120116922559394013e+01 9.997039999999999260e-01
3.123184884135165262e+01 9.997039999999999260e-01
3.126252845710936512e+01 9.997039999999999260e-01
3.129320807286708117e+01 9.997039999999999260e-01
3.132388768862479367e+01 9.997039999999999260e-01
3.135456730438250617e+01 9.997039999999999260e-01
3.138524692014021866e+01 9.997039999999999260e-01
3.141592653589793116e+01 9.997039999999999260e-01
