# Description:
#    Pair correlation functions for a comb polymer grafted nanoparticle composite
# 
# Source:
#   Modica, K.J.; Martin, T.B.; Jayaraman, A.J.; Effect of Architecture on the Structure
#   and Interactions of Polymer Grafted Particles: Theory and Simulation, Macromolecules, 
#   2017, 50 (12), pp 4854-4866
#
# Diameter: 5d
# Grafting Density:  0.32 chains/d^2
# Graft Length: 20
# Graft Type: comb
# Sidechain Spacing: 2
# Sidechain Length: 3
# Matrix Length: 60
# dr: 0.1 d
# dk: 0.031 d^-1
# length: 1024
# G(r) Pair: Particle-Particle
# 
# r                      Particle-Particle G(r)
# 
1.000000000000000056e-01 0.000000000000000000e+00
2.000000000000000111e-01 0.000000000000000000e+00
3.000000000000000444e-01 0.000000000000000000e+00
4.000000000000000222e-01 0.000000000000000000e+00
5.000000000000000000e-01 0.000000000000000000e+00
5.999999999999999778e-01 0.000000000000000000e+00
7.000000000000000666e-01 0.000000000000000000e+00
8.000000000000000444e-01 0.000000000000000000e+00
9.000000000000000222e-01 0.000000000000000000e+00
1.000000000000000000e+00 0.000000000000000000e+00
1.100000000000000089e+00 0.000000000000000000e+00
1.200000000000000178e+00 0.000000000000000000e+00
1.300000000000000266e+00 0.000000000000000000e+00
1.400000000000000133e+00 0.000000000000000000e+00
1.500000000000000222e+00 0.000000000000000000e+00
1.600000000000000089e+00 0.000000000000000000e+00
1.700000000000000178e+00 0.000000000000000000e+00
1.800000000000000266e+00 0.000000000000000000e+00
1.900000000000000133e+00 0.000000000000000000e+00
2.000000000000000000e+00 0.000000000000000000e+00
2.100000000000000089e+00 0.000000000000000000e+00
2.200000000000000178e+00 0.000000000000000000e+00
2.300000000000000266e+00 0.000000000000000000e+00
2.400000000000000355e+00 0.000000000000000000e+00
2.500000000000000444e+00 0.000000000000000000e+00
2.600000000000000089e+00 0.000000000000000000e+00
2.700000000000000178e+00 0.000000000000000000e+00
2.800000000000000266e+00 0.000000000000000000e+00
2.900000000000000355e+00 0.000000000000000000e+00
3.000000000000000444e+00 0.000000000000000000e+00
3.100000000000000089e+00 0.000000000000000000e+00
3.200000000000000178e+00 0.000000000000000000e+00
3.300000000000000266e+00 0.000000000000000000e+00
3.400000000000000355e+00 0.000000000000000000e+00
3.500000000000000444e+00 0.000000000000000000e+00
3.600000000000000089e+00 0.000000000000000000e+00
3.700000000000000178e+00 0.000000000000000000e+00
3.800000000000000266e+00 0.000000000000000000e+00
3.900000000000000355e+00 0.000000000000000000e+00
4.000000000000000000e+00 3.552713678800500929e-15
4.099999999999999645e+00 0.000000000000000000e+00
4.200000000000000178e+00 0.000000000000000000e+00
4.299999999999999822e+00 0.000000000000000000e+00
4.399999999999999467e+00 1.776356839400250465e-15
4.500000000000000000e+00 0.000000000000000000e+00
4.599999999999999645e+00 0.000000000000000000e+00
4.700000000000000178e+00 0.000000000000000000e+00
4.799999999999999822e+00 0.000000000000000000e+00
4.900000000000000355e+00 0.000000000000000000e+00
5.000000000000000000e+00 0.000000000000000000e+00
5.099999999999999645e+00 4.396015876237215902e-01
5.200000000000000178e+00 1.778827491897515545e-01
5.299999999999999822e+00 9.601498505521677274e-02
5.400000000000000355e+00 6.572326034620568080e-02
5.500000000000000000e+00 5.414586869913717848e-02
5.599999999999999645e+00 5.182450015090722673e-02
5.700000000000000178e+00 5.577082340620576062e-02
5.799999999999999822e+00 6.625827560742902911e-02
5.900000000000000355e+00 8.455818007035276196e-02
6.000000000000000000e+00 1.071824416090929599e-01
6.099999999999999645e+00 1.118534688847039327e-01
6.200000000000000178e+00 9.834642027357576310e-02
6.299999999999999822e+00 9.129818158055957866e-02
6.400000000000000355e+00 9.207111310785176528e-02
6.500000000000000000e+00 9.982918971164767008e-02
6.599999999999999645e+00 1.133121075359291297e-01
6.700000000000000178e+00 1.316050413343443637e-01
6.799999999999999822e+00 1.511990580300301978e-01
6.900000000000000355e+00 1.660868244580122610e-01
7.000000000000000000e+00 1.701938756079787174e-01
7.099999999999999645e+00 1.643631672668572907e-01
7.200000000000000178e+00 1.575677106061119659e-01
7.299999999999999822e+00 1.556658629000380323e-01
7.400000000000000355e+00 1.595441351569539812e-01
7.500000000000000000e+00 1.672346167865105260e-01
7.599999999999999645e+00 1.765184038041275327e-01
7.700000000000000178e+00 1.849362170833519503e-01
7.799999999999999822e+00 1.907066218416303416e-01
7.900000000000000355e+00 1.937801989770031597e-01
8.000000000000000000e+00 1.951859304538839934e-01
8.099999999999999645e+00 1.975115616516890382e-01
8.199999999999999289e+00 2.028571540138686125e-01
8.300000000000000711e+00 2.113182388091630060e-01
8.400000000000000355e+00 2.207257169831087218e-01
8.500000000000000000e+00 2.300754652779817278e-01
8.599999999999999645e+00 2.385997936162569388e-01
8.699999999999999289e+00 2.448597259626300593e-01
8.800000000000000711e+00 2.491082953756936780e-01
8.900000000000000355e+00 2.526895254518708445e-01
9.000000000000000000e+00 2.565640852128446836e-01
9.099999999999999645e+00 2.607997807772440835e-01
9.199999999999999289e+00 2.657993709452868281e-01
9.300000000000000711e+00 2.720585170548158738e-01
9.400000000000000355e+00 2.794534395338861277e-01
9.500000000000000000e+00 2.869092844557185051e-01
9.599999999999999645e+00 2.941787174900675206e-01
9.700000000000001066e+00 3.014217207848405300e-01
9.800000000000000711e+00 3.087916664439753767e-01
9.900000000000000355e+00 3.168313676136949031e-01
1.000000000000000000e+01 3.249567478826823619e-01
1.009999999999999964e+01 3.332612136870520825e-01
1.020000000000000107e+01 3.412720175182635263e-01
1.030000000000000071e+01 3.498059348382385192e-01
1.040000000000000036e+01 3.585959362391817340e-01
1.050000000000000000e+01 3.672789526693036599e-01
1.059999999999999964e+01 3.762900368894565029e-01
1.070000000000000107e+01 3.863354779981506004e-01
1.080000000000000071e+01 3.969082755358568360e-01
1.090000000000000036e+01 4.076441300112412236e-01
1.100000000000000000e+01 4.186444019718217335e-01
1.109999999999999964e+01 4.291993314567732476e-01
1.120000000000000107e+01 4.403822565082078366e-01
1.130000000000000071e+01 4.522579242347599671e-01
1.140000000000000036e+01 4.646780856153893691e-01
1.150000000000000000e+01 4.774280262282486476e-01
1.159999999999999964e+01 4.906042983057363749e-01
1.170000000000000107e+01 5.047122982327614249e-01
1.180000000000000071e+01 5.197136256062081516e-01
1.190000000000000036e+01 5.347274429099430071e-01
1.200000000000000000e+01 5.492467123796977990e-01
1.209999999999999964e+01 5.640657612823209988e-01
1.220000000000000107e+01 5.792752932219107365e-01
1.230000000000000071e+01 5.954487343912220343e-01
1.240000000000000036e+01 6.115497892103338717e-01
1.250000000000000000e+01 6.281770714163402713e-01
1.259999999999999964e+01 6.447572410233672890e-01
1.270000000000000107e+01 6.615846528151221317e-01
1.280000000000000071e+01 6.785763366870093405e-01
1.290000000000000036e+01 6.952117987151015255e-01
1.300000000000000000e+01 7.130275881673491245e-01
1.309999999999999964e+01 7.308992333806252351e-01
1.320000000000000107e+01 7.489872931424579328e-01
1.330000000000000071e+01 7.671895761809829350e-01
1.340000000000000036e+01 7.851797158636365515e-01
1.350000000000000000e+01 8.035145289025447113e-01
1.359999999999999964e+01 8.224278198595522671e-01
1.370000000000000107e+01 8.410351594540884657e-01
1.380000000000000071e+01 8.591090304409308986e-01
1.390000000000000036e+01 8.766514725592841062e-01
1.400000000000000000e+01 8.937764407833947988e-01
1.409999999999999964e+01 9.107766085303033998e-01
1.420000000000000107e+01 9.268844041814601198e-01
1.430000000000000071e+01 9.420016308228230661e-01
1.440000000000000036e+01 9.565062421443109031e-01
1.450000000000000000e+01 9.709057665494161826e-01
1.459999999999999964e+01 9.848758864918879530e-01
1.470000000000000107e+01 9.987620767795681864e-01
1.480000000000000071e+01 1.011746178912605210e+00
1.490000000000000036e+01 1.023850876468785032e+00
1.500000000000000000e+01 1.035099864403866921e+00
1.509999999999999964e+01 1.046106506389743673e+00
1.520000000000000107e+01 1.056659123643299170e+00
1.530000000000000071e+01 1.066840242352612211e+00
1.540000000000000036e+01 1.077162857090231407e+00
1.550000000000000000e+01 1.086599159980040419e+00
1.559999999999999964e+01 1.095728736363233979e+00
1.570000000000000107e+01 1.104600281562654551e+00
1.580000000000000071e+01 1.111850059998710227e+00
1.590000000000000036e+01 1.117943024379785433e+00
1.600000000000000000e+01 1.123819666110666304e+00
1.610000000000000142e+01 1.129124193917025121e+00
1.620000000000000284e+01 1.133605689581696385e+00
1.630000000000000071e+01 1.138005553134714187e+00
1.640000000000000213e+01 1.142328784939528941e+00
1.650000000000000355e+01 1.146329828251723137e+00
1.660000000000000142e+01 1.149915316291675316e+00
1.670000000000000284e+01 1.152912200162075962e+00
1.680000000000000071e+01 1.155487491510773790e+00
1.690000000000000213e+01 1.157593771676681760e+00
1.700000000000000355e+01 1.159340268678822117e+00
1.710000000000000142e+01 1.160726467810201168e+00
1.720000000000000284e+01 1.162581845585258566e+00
1.730000000000000071e+01 1.163956764571908442e+00
1.740000000000000213e+01 1.165173197782531034e+00
1.750000000000000355e+01 1.166049340246847477e+00
1.760000000000000142e+01 1.166203262921202466e+00
1.770000000000000284e+01 1.166069172676024834e+00
1.780000000000000071e+01 1.165533713230233470e+00
1.790000000000000213e+01 1.164610110497217743e+00
1.800000000000000355e+01 1.163585178141988807e+00
1.810000000000000142e+01 1.162506527480702712e+00
1.820000000000000284e+01 1.161780118873211531e+00
1.830000000000000071e+01 1.161134574320429769e+00
1.840000000000000213e+01 1.160246163540248565e+00
1.850000000000000355e+01 1.159148090402590370e+00
1.860000000000000142e+01 1.157701769845059570e+00
1.870000000000000284e+01 1.156222912912288070e+00
1.880000000000000071e+01 1.154892417827308337e+00
1.890000000000000213e+01 1.153380718379173331e+00
1.900000000000000355e+01 1.151842098852494001e+00
1.910000000000000142e+01 1.150191258541037209e+00
1.920000000000000284e+01 1.148555843850627367e+00
1.930000000000000426e+01 1.146902850096828352e+00
1.940000000000000213e+01 1.145166640049691376e+00
1.950000000000000355e+01 1.143304303591333948e+00
1.960000000000000142e+01 1.141371153595021726e+00
1.970000000000000284e+01 1.139495711495408736e+00
1.980000000000000426e+01 1.137651928421774983e+00
1.990000000000000213e+01 1.135846594215897731e+00
2.000000000000000355e+01 1.134077054653196193e+00
2.010000000000000142e+01 1.132324343037228065e+00
2.020000000000000284e+01 1.130554790014943078e+00
2.030000000000000426e+01 1.128770989759874332e+00
2.040000000000000213e+01 1.127003128935087251e+00
2.050000000000000355e+01 1.125207001126925954e+00
2.060000000000000142e+01 1.123380637238875934e+00
2.070000000000000284e+01 1.121606011041780704e+00
2.080000000000000426e+01 1.119865219156437997e+00
2.090000000000000213e+01 1.118163451140608222e+00
2.100000000000000355e+01 1.116471218659020437e+00
2.110000000000000142e+01 1.114815019841003840e+00
2.120000000000000284e+01 1.113149273973557563e+00
2.130000000000000426e+01 1.111518748095796427e+00
2.140000000000000213e+01 1.109873821657810122e+00
2.150000000000000355e+01 1.108251033335210467e+00
2.160000000000000142e+01 1.106643334932104761e+00
2.170000000000000284e+01 1.105056068603258446e+00
2.180000000000000426e+01 1.103464742162680867e+00
2.190000000000000213e+01 1.101888892231759343e+00
2.200000000000000355e+01 1.100316840700214849e+00
2.210000000000000142e+01 1.098751406900453143e+00
2.220000000000000284e+01 1.097192093013620973e+00
2.230000000000000426e+01 1.095643987310415790e+00
2.240000000000000213e+01 1.094091311570088099e+00
2.250000000000000355e+01 1.092537999531613346e+00
2.260000000000000142e+01 1.090976077860514870e+00
2.270000000000000284e+01 1.089418848845997045e+00
2.280000000000000426e+01 1.087848267014601245e+00
2.290000000000000213e+01 1.086275551775728987e+00
2.300000000000000355e+01 1.084686366591844031e+00
2.310000000000000142e+01 1.083094066458366811e+00
2.320000000000000284e+01 1.081483917918886650e+00
2.330000000000000426e+01 1.079867329432033118e+00
2.340000000000000213e+01 1.078229734703419540e+00
2.350000000000000355e+01 1.076583454004628848e+00
2.360000000000000142e+01 1.074916890466550257e+00
2.370000000000000284e+01 1.073242524395751296e+00
2.380000000000000426e+01 1.071548401903469117e+00
2.390000000000000213e+01 1.069847578841672142e+00
2.400000000000000355e+01 1.068129806789711811e+00
2.410000000000000142e+01 1.066406312814014878e+00
2.420000000000000284e+01 1.064666939594951955e+00
2.430000000000000426e+01 1.062921521751065246e+00
2.440000000000000213e+01 1.061160674070478427e+00
2.450000000000000355e+01 1.059394615726687361e+00
2.460000000000000142e+01 1.057615894887993013e+00
2.470000000000000284e+01 1.055835108369158837e+00
2.480000000000000426e+01 1.054045796803519952e+00
2.490000000000000213e+01 1.052258308799575603e+00
2.500000000000000355e+01 1.050467768754487663e+00
2.510000000000000142e+01 1.048683349969665501e+00
2.520000000000000284e+01 1.046900506099622152e+00
2.530000000000000426e+01 1.045127680854822216e+00
2.540000000000000213e+01 1.043361604367001982e+00
2.550000000000000355e+01 1.041609841678357018e+00
2.560000000000000142e+01 1.039869729224771833e+00
2.570000000000000284e+01 1.038148290921072858e+00
2.580000000000000426e+01 1.036443968721261655e+00
2.590000000000000213e+01 1.034762716774503488e+00
2.600000000000000355e+01 1.033103066769694989e+00
2.610000000000000142e+01 1.031469354877748046e+00
2.620000000000000284e+01 1.029861288278907994e+00
2.630000000000000426e+01 1.028282797306773189e+00
2.640000000000000213e+01 1.026733622821439429e+00
2.650000000000000355e+01 1.025216837316227148e+00
2.660000000000000142e+01 1.023733522953010011e+00
2.670000000000000284e+01 1.022286325706149634e+00
2.680000000000000426e+01 1.020876912943198489e+00
2.690000000000000213e+01 1.019506775846837243e+00
2.700000000000000355e+01 1.018177474945081151e+00
2.710000000000000142e+01 1.016889119676489095e+00
2.720000000000000284e+01 1.015643638197966991e+00
2.730000000000000426e+01 1.014440543138577011e+00
2.740000000000000213e+01 1.013281765754156849e+00
2.750000000000000355e+01 1.012165943939587809e+00
2.760000000000000142e+01 1.011095247141590825e+00
2.770000000000000284e+01 1.010067959112087799e+00
2.780000000000000426e+01 1.009087136161212817e+00
2.790000000000000213e+01 1.008149677476851247e+00
2.800000000000000355e+01 1.007257995921267968e+00
2.810000000000000142e+01 1.006408798806508686e+00
2.820000000000000284e+01 1.005605026807343538e+00
2.830000000000000426e+01 1.004842799813124410e+00
2.840000000000000213e+01 1.004125160294228269e+00
2.850000000000000355e+01 1.003447490485226412e+00
2.860000000000000142e+01 1.002813000995555592e+00
2.870000000000000284e+01 1.002216811191321000e+00
2.880000000000000426e+01 1.001662307368212712e+00
2.890000000000000213e+01 1.001144340746465300e+00
2.900000000000000355e+01 1.000665981939881322e+00
2.910000000000000142e+01 1.000221573006736753e+00
2.920000000000000284e+01 9.998143380967761118e-01
2.930000000000000426e+01 9.994382982871498067e-01
2.940000000000000213e+01 9.990970441429162241e-01
2.950000000000000355e+01 9.987845092593449214e-01
2.960000000000000142e+01 9.985042419471895636e-01
2.970000000000000284e+01 9.982501424206072782e-01
2.980000000000000426e+01 9.980254262147022493e-01
2.990000000000000213e+01 9.978240715726786059e-01
3.000000000000000355e+01 9.976497027728246092e-01
3.010000000000000142e+01 9.974963449939933113e-01
3.020000000000000284e+01 9.973669234848975274e-01
3.030000000000000426e+01 9.972556157265379806e-01
3.040000000000000213e+01 9.971659117345256229e-01
3.050000000000000355e+01 9.970922379555673398e-01
3.060000000000000142e+01 9.970378690638996844e-01
3.070000000000000284e+01 9.969970450070517742e-01
3.080000000000000426e+01 9.969727627233295753e-01
3.090000000000000213e+01 9.969597623373315232e-01
3.100000000000000355e+01 9.969611707702150660e-01
3.110000000000000142e+01 9.969717777099873501e-01
3.120000000000000284e+01 9.969944876924113908e-01
3.130000000000000426e+01 9.970244539494226288e-01
3.140000000000000213e+01 9.970646764560496811e-01
3.150000000000000355e+01 9.971107780376270435e-01
3.160000000000000142e+01 9.971654135611958125e-01
3.170000000000000284e+01 9.972240903124932609e-01
3.180000000000000426e+01 9.972893286909394472e-01
3.190000000000000213e+01 9.973577274747030819e-01
3.200000000000000000e+01 9.974317019915128757e-01
3.210000000000000142e+01 9.975073676718887450e-01
3.220000000000000284e+01 9.975868764401744082e-01
3.230000000000000426e+01 9.976672205064562871e-01
3.240000000000000568e+01 9.977503714000163226e-01
3.250000000000000000e+01 9.978337468692010104e-01
3.260000000000000142e+01 9.979188951738823254e-01
3.270000000000000284e+01 9.980033306715863084e-01
3.280000000000000426e+01 9.980885771292873354e-01
3.290000000000000568e+01 9.981726557014217738e-01
3.300000000000000000e+01 9.982568894261205639e-01
3.310000000000000142e+01 9.983395593958508396e-01
3.320000000000000284e+01 9.984217699871661411e-01
3.330000000000000426e+01 9.985021684194842484e-01
3.340000000000000568e+01 9.985814211000207941e-01
3.350000000000000000e+01 9.986585937799983270e-01
3.360000000000000142e+01 9.987343178818457456e-01
3.370000000000000284e+01 9.988080216690786717e-01
3.380000000000000426e+01 9.988799405330699432e-01
3.390000000000000568e+01 9.989496120111300836e-01
3.400000000000000000e+01 9.990168836190628232e-01
3.410000000000000142e+01 9.990820580433231735e-01
3.420000000000000284e+01 9.991449977060565812e-01
3.430000000000000426e+01 9.992058507217319585e-01
3.440000000000000568e+01 9.992641046592440901e-01
3.450000000000000000e+01 9.993202977293302869e-01
3.460000000000000142e+01 9.993738410445170972e-01
3.470000000000000284e+01 9.994254774845171552e-01
3.480000000000000426e+01 9.994743257273595027e-01
3.490000000000000568e+01 9.995216061213223480e-01
3.500000000000000000e+01 9.995662911371522297e-01
3.510000000000000142e+01 9.996092857428180434e-01
3.520000000000000284e+01 9.996493007661864105e-01
3.530000000000000426e+01 9.996877944957699436e-01
3.540000000000000568e+01 9.997237726626769794e-01
3.550000000000000000e+01 9.997588277589590788e-01
3.560000000000000142e+01 9.997912632858989568e-01
3.570000000000000284e+01 9.998221436998716571e-01
3.580000000000000426e+01 9.998498085806934998e-01
3.590000000000000568e+01 9.998775222232608728e-01
3.600000000000000000e+01 9.999029965234468298e-01
3.610000000000000142e+01 9.999273211021812990e-01
3.620000000000000284e+01 9.999488174830601928e-01
3.630000000000000426e+01 9.999698788707727104e-01
3.640000000000000568e+01 9.999887144422318075e-01
3.650000000000000000e+01 1.000007341166404995e+00
3.660000000000000142e+01 1.000023619135133934e+00
3.670000000000000284e+01 1.000039491457346275e+00
3.680000000000000426e+01 1.000052983305638410e+00
3.690000000000000568e+01 1.000066458746192488e+00
3.700000000000000000e+01 1.000077962916989804e+00
3.710000000000000142e+01 1.000089547825107061e+00
3.720000000000000284e+01 1.000098996297855702e+00
3.730000000000000426e+01 1.000108435090297565e+00
3.740000000000000568e+01 1.000115916035798191e+00
3.750000000000000000e+01 1.000123754450195523e+00
3.760000000000000142e+01 1.000129851140333814e+00
3.770000000000000284e+01 1.000136049451238573e+00
3.780000000000000426e+01 1.000140312009037968e+00
3.790000000000000568e+01 1.000145205043845964e+00
3.800000000000000000e+01 1.000148775698658898e+00
3.810000000000000142e+01 1.000152403469381612e+00
3.820000000000000284e+01 1.000154348892739131e+00
3.830000000000000426e+01 1.000156802737163231e+00
3.840000000000000568e+01 1.000158046882132057e+00
3.850000000000000711e+01 1.000159756929775989e+00
3.860000000000000142e+01 1.000160070729642081e+00
3.870000000000000284e+01 1.000160683031538378e+00
3.880000000000000426e+01 1.000160142550923004e+00
3.890000000000000568e+01 1.000160138800302967e+00
3.900000000000000711e+01 1.000159128070825520e+00
3.910000000000000142e+01 1.000158456350711322e+00
3.920000000000000284e+01 1.000156796955478988e+00
3.930000000000000426e+01 1.000155497901228152e+00
3.940000000000000568e+01 1.000153336661145254e+00
3.950000000000000711e+01 1.000151542731928966e+00
3.960000000000000142e+01 1.000149156582191390e+00
3.970000000000000284e+01 1.000147220714715512e+00
3.980000000000000426e+01 1.000144567096744819e+00
3.990000000000000568e+01 1.000141965648425613e+00
4.000000000000000711e+01 1.000138808662959011e+00
4.010000000000000142e+01 1.000136021036309053e+00
4.020000000000000284e+01 1.000132936617180945e+00
4.030000000000000426e+01 1.000130031004949238e+00
4.040000000000000568e+01 1.000126743293081599e+00
4.050000000000000711e+01 1.000123503510587764e+00
4.060000000000000142e+01 1.000119985265264022e+00
4.070000000000000284e+01 1.000116529034274615e+00
4.080000000000000426e+01 1.000113049789452369e+00
4.090000000000000568e+01 1.000109792985663715e+00
4.100000000000000711e+01 1.000106558641481458e+00
4.110000000000000142e+01 1.000103012125800994e+00
4.120000000000000284e+01 1.000099236044121875e+00
4.130000000000000426e+01 1.000095437414231681e+00
4.140000000000000568e+01 1.000092226357800929e+00
4.150000000000000711e+01 1.000089236296942463e+00
4.160000000000000142e+01 1.000086226838037939e+00
4.170000000000000284e+01 1.000081928893255867e+00
4.180000000000000426e+01 1.000077795093291755e+00
4.190000000000000568e+01 1.000075155445473207e+00
4.200000000000000711e+01 1.000072768408774682e+00
4.210000000000000142e+01 1.000069026080439905e+00
4.220000000000000284e+01 1.000065462371812819e+00
4.230000000000000426e+01 1.000061949860088006e+00
4.240000000000000568e+01 1.000059332850872895e+00
4.250000000000000711e+01 1.000056413602253613e+00
4.260000000000000142e+01 1.000053756087895707e+00
4.270000000000000284e+01 1.000050408514481237e+00
4.280000000000000426e+01 1.000047690958212110e+00
4.290000000000000568e+01 1.000044703700328386e+00
4.300000000000000711e+01 1.000042396209183559e+00
4.310000000000000142e+01 1.000039562853788366e+00
4.320000000000000284e+01 1.000037285544990384e+00
4.330000000000000426e+01 1.000034507116901228e+00
4.340000000000000568e+01 1.000032393553808241e+00
4.350000000000000711e+01 1.000029825357720892e+00
4.360000000000000142e+01 1.000027944372920752e+00
4.370000000000000284e+01 1.000025466461556212e+00
4.380000000000000426e+01 1.000023729337862655e+00
4.390000000000000568e+01 1.000021575218374759e+00
4.400000000000000711e+01 1.000020040315264813e+00
4.410000000000000142e+01 1.000017765647862156e+00
4.420000000000000284e+01 1.000016300709421380e+00
4.430000000000000426e+01 1.000014332417455298e+00
4.440000000000000568e+01 1.000013139283703278e+00
4.450000000000000711e+01 1.000011395799550007e+00
4.460000000000000142e+01 1.000010270693528325e+00
4.470000000000000284e+01 1.000008500659023136e+00
4.480000000000000426e+01 1.000007431362976096e+00
4.490000000000000568e+01 1.000005933380255341e+00
4.500000000000000711e+01 1.000005168611070250e+00
4.510000000000000142e+01 1.000003845887237341e+00
4.520000000000000284e+01 1.000003136230761536e+00
4.530000000000000426e+01 1.000001845599672201e+00
4.540000000000000568e+01 1.000001175304547463e+00
4.550000000000000711e+01 1.000000074591824051e+00
4.560000000000000142e+01 9.999996736989668067e-01
4.570000000000000284e+01 9.999989172359138312e-01
4.580000000000000426e+01 9.999985067138477124e-01
4.590000000000000568e+01 9.999974123942738657e-01
4.600000000000000711e+01 9.999970103298800872e-01
4.610000000000000142e+01 9.999963289268243294e-01
4.620000000000000284e+01 9.999962310349503891e-01
4.630000000000000426e+01 9.999956971926925453e-01
4.640000000000000568e+01 9.999955157136938277e-01
4.650000000000000711e+01 9.999948558252326203e-01
4.660000000000000142e+01 9.999946894229878591e-01
4.670000000000000284e+01 9.999942743985484883e-01
4.680000000000000426e+01 9.999943311001175950e-01
4.690000000000000568e+01 9.999941301089746437e-01
4.700000000000000711e+01 9.999941537929983859e-01
4.710000000000000142e+01 9.999938129364639439e-01
4.720000000000000284e+01 9.999937418954496504e-01
4.730000000000000426e+01 9.999935778023276711e-01
4.740000000000000568e+01 9.999938110615081976e-01
4.750000000000000711e+01 9.999938785071658121e-01
4.760000000000000142e+01 9.999939606552312732e-01
4.770000000000000284e+01 9.999935079182695752e-01
4.780000000000000426e+01 9.999934150804108413e-01
4.790000000000000568e+01 9.999939572720919490e-01
4.800000000000000711e+01 9.999943012858583113e-01
4.810000000000000142e+01 9.999941467850849142e-01
4.820000000000000284e+01 9.999940415581606290e-01
4.830000000000000426e+01 9.999941812332882041e-01
4.840000000000000568e+01 9.999944849474462494e-01
4.850000000000000711e+01 9.999947477372941318e-01
4.860000000000000142e+01 9.999948372135112340e-01
4.870000000000000284e+01 9.999949321187644458e-01
4.880000000000000426e+01 9.999950507592422211e-01
4.890000000000000568e+01 9.999953512056450888e-01
4.900000000000000711e+01 9.999954378595676818e-01
4.910000000000000142e+01 9.999956265143649103e-01
4.920000000000000284e+01 9.999956958281317476e-01
4.930000000000000426e+01 9.999960230872547706e-01
4.940000000000000568e+01 9.999961353209100290e-01
4.950000000000000711e+01 9.999964365590171544e-01
4.960000000000000142e+01 9.999964090588361332e-01
4.970000000000000284e+01 9.999966618380412564e-01
4.980000000000000426e+01 9.999968253096073179e-01
4.990000000000000568e+01 9.999972185338326103e-01
5.000000000000000711e+01 9.999971721198885888e-01
5.010000000000000142e+01 9.999973958717660594e-01
5.020000000000000284e+01 9.999973998206703740e-01
5.030000000000000426e+01 9.999977248378550954e-01
5.040000000000000568e+01 9.999977362347223231e-01
5.050000000000000711e+01 9.999980721549573959e-01
5.060000000000000142e+01 9.999980112169211122e-01
5.070000000000000284e+01 9.999982848069213226e-01
5.080000000000000426e+01 9.999981916683410299e-01
5.090000000000000568e+01 9.999985218933226117e-01
5.100000000000000711e+01 9.999985133647004698e-01
5.110000000000000142e+01 9.999988389379373954e-01
5.120000000000000284e+01 9.999987448986030758e-01
5.130000000000000426e+01 9.999990168916863542e-01
5.140000000000000568e+01 9.999988664960575147e-01
5.150000000000000711e+01 9.999991221708854905e-01
5.160000000000000142e+01 9.999990314832690741e-01
5.170000000000000284e+01 9.999993763655772305e-01
5.180000000000000426e+01 9.999992101152171964e-01
5.190000000000000568e+01 9.999993680332918133e-01
5.200000000000000711e+01 9.999992508503707800e-01
5.210000000000000142e+01 9.999995447766616419e-01
5.220000000000000284e+01 9.999994532579583595e-01
5.230000000000000426e+01 9.999996918547849889e-01
5.240000000000000568e+01 9.999995505090877312e-01
5.250000000000000711e+01 9.999997421511874762e-01
5.260000000000000142e+01 9.999996338136182272e-01
5.270000000000000284e+01 9.999998525312200348e-01
5.280000000000000426e+01 9.999997426063709227e-01
5.290000000000000568e+01 9.999999616983283879e-01
5.300000000000000711e+01 9.999998318447698153e-01
5.310000000000000142e+01 1.000000016706489303e+00
5.320000000000000284e+01 9.999998662913153202e-01
5.330000000000000426e+01 1.000000029718392414e+00
5.340000000000000568e+01 9.999999147111328091e-01
5.350000000000000711e+01 1.000000062943499302e+00
5.360000000000000142e+01 9.999999996625262844e-01
5.370000000000000284e+01 1.000000148757666407e+00
5.380000000000000426e+01 1.000000016137399417e+00
5.390000000000000568e+01 1.000000157830404079e+00
5.400000000000000711e+01 1.000000128262205301e+00
5.410000000000000142e+01 1.000000255882029343e+00
5.420000000000000284e+01 1.000000189632302083e+00
5.430000000000000426e+01 1.000000265378967468e+00
5.440000000000000568e+01 1.000000202379783598e+00
5.450000000000000711e+01 1.000000277703674945e+00
5.460000000000000142e+01 1.000000275053612109e+00
5.470000000000000284e+01 1.000000362430389700e+00
5.480000000000000426e+01 1.000000314383891142e+00
5.490000000000000568e+01 1.000000331002656617e+00
5.500000000000000711e+01 1.000000266243266545e+00
5.510000000000000142e+01 1.000000291213805959e+00
5.520000000000000284e+01 1.000000315168976694e+00
5.530000000000000426e+01 1.000000361089308454e+00
5.540000000000000568e+01 1.000000385092708832e+00
5.550000000000000711e+01 1.000000398914148825e+00
5.560000000000000142e+01 1.000000386114533235e+00
5.570000000000000284e+01 1.000000346429892106e+00
5.580000000000000426e+01 1.000000413790337550e+00
5.590000000000000568e+01 1.000000399255134731e+00
5.600000000000000711e+01 1.000000415468307313e+00
5.610000000000000142e+01 1.000000339373805280e+00
5.620000000000000284e+01 1.000000390345919588e+00
5.630000000000000426e+01 1.000000332432728234e+00
5.640000000000000568e+01 1.000000398267291146e+00
5.650000000000000711e+01 1.000000296932920474e+00
5.660000000000000142e+01 1.000000351797903475e+00
5.670000000000000284e+01 1.000000269473256376e+00
5.680000000000000426e+01 1.000000360732606230e+00
5.690000000000000568e+01 1.000000256998073489e+00
5.700000000000000711e+01 1.000000346077222213e+00
5.710000000000000142e+01 1.000000217257987822e+00
5.720000000000000284e+01 1.000000321481344434e+00
5.730000000000000426e+01 1.000000212569099434e+00
5.740000000000000568e+01 1.000000297157589868e+00
5.750000000000000711e+01 1.000000113336982910e+00
5.760000000000000142e+01 1.000000209631648707e+00
5.770000000000000284e+01 1.000000107797295534e+00
5.780000000000000426e+01 1.000000243912195552e+00
5.790000000000000568e+01 1.000000077690986089e+00
5.800000000000000711e+01 1.000000180742430356e+00
5.810000000000000142e+01 1.000000030441379195e+00
5.820000000000000284e+01 1.000000164181179096e+00
5.830000000000000426e+01 1.000000036587875618e+00
5.840000000000000568e+01 1.000000189368639880e+00
5.850000000000000711e+01 1.000000035525021591e+00
5.860000000000000142e+01 1.000000154707566313e+00
5.870000000000000284e+01 9.999999826659491386e-01
5.880000000000000426e+01 1.000000120667980719e+00
5.890000000000000568e+01 9.999999688430510902e-01
5.900000000000000711e+01 1.000000093120689604e+00
5.910000000000000142e+01 9.999999460995557810e-01
5.920000000000000284e+01 1.000000060208644070e+00
5.930000000000000426e+01 9.999999201453970699e-01
5.940000000000000568e+01 1.000000066421574907e+00
5.950000000000000711e+01 9.999999449771287408e-01
5.960000000000000142e+01 1.000000119467965742e+00
5.970000000000000284e+01 9.999999773605268150e-01
5.980000000000000426e+01 1.000000065235872260e+00
5.990000000000000568e+01 9.999999286438769897e-01
6.000000000000000711e+01 1.000000069575287531e+00
6.010000000000000142e+01 9.999999514510968801e-01
6.020000000000000284e+01 1.000000057543315446e+00
6.030000000000000426e+01 9.999999282037284054e-01
6.040000000000000568e+01 1.000000037217433357e+00
6.050000000000000711e+01 9.999999262879796236e-01
6.060000000000000142e+01 1.000000018780740518e+00
6.070000000000000284e+01 9.999999106129031645e-01
6.080000000000000426e+01 1.000000003379457381e+00
6.090000000000000568e+01 9.999999139088071587e-01
6.100000000000000711e+01 1.000000008631623416e+00
6.110000000000000142e+01 9.999999281287541564e-01
6.120000000000000284e+01 1.000000001502585167e+00
6.130000000000000426e+01 9.999999305508866509e-01
6.140000000000000568e+01 1.000000013808583388e+00
6.150000000000000711e+01 9.999999735560061165e-01
6.160000000000000142e+01 1.000000010589254806e+00
6.170000000000000284e+01 9.999998994898862126e-01
6.180000000000000426e+01 9.999999236278397374e-01
6.190000000000000568e+01 9.999999023739846171e-01
6.200000000000000711e+01 9.999999442671275718e-01
6.210000000000000142e+01 9.999999051880154033e-01
6.220000000000000284e+01 9.999999144856211997e-01
6.230000000000000426e+01 9.999998621788104280e-01
6.240000000000000568e+01 9.999998661493708640e-01
6.250000000000000711e+01 9.999998530375957539e-01
6.260000000000000142e+01 9.999998711537029239e-01
6.270000000000000284e+01 9.999998839291237562e-01
6.280000000000000426e+01 9.999998755332771827e-01
6.290000000000000568e+01 9.999998793258989549e-01
6.300000000000000711e+01 9.999998562747935971e-01
6.310000000000000142e+01 9.999998776530899525e-01
6.320000000000000284e+01 9.999998571671463443e-01
6.330000000000000426e+01 9.999998747078773231e-01
6.340000000000000568e+01 9.999998338774273021e-01
6.350000000000000711e+01 9.999998505871690035e-01
6.360000000000000142e+01 9.999997975678190931e-01
6.370000000000000284e+01 9.999998785271712043e-01
6.380000000000000426e+01 9.999998648765655584e-01
6.390000000000000568e+01 9.999999076290019273e-01
6.400000000000000000e+01 9.999998252758018902e-01
6.409999999999999432e+01 9.999998988536348277e-01
6.420000000000000284e+01 9.999998623650663276e-01
6.429999999999999716e+01 9.999999600101543429e-01
6.439999999999999147e+01 9.999998942149141978e-01
6.450000000000000000e+01 9.999999735289041292e-01
6.459999999999999432e+01 9.999998991835641338e-01
6.470000000000000284e+01 9.999999814597394510e-01
6.479999999999999716e+01 9.999999049635271975e-01
6.489999999999999147e+01 9.999999875834180152e-01
6.500000000000000000e+01 9.999999106235727409e-01
6.509999999999999432e+01 1.000000036483687182e+00
6.520000000000000284e+01 9.999999740106604307e-01
6.529999999999999716e+01 1.000000086130161225e+00
6.539999999999999147e+01 9.999999764818372494e-01
6.550000000000000000e+01 1.000000066536261389e+00
6.559999999999999432e+01 1.000000012961723694e+00
6.570000000000000284e+01 1.000000159217141027e+00
6.579999999999999716e+01 1.000000052311076137e+00
6.589999999999999147e+01 1.000000127406890371e+00
6.600000000000000000e+01 1.000000032894616142e+00
6.609999999999999432e+01 1.000000145746429814e+00
6.620000000000000284e+01 1.000000065661863946e+00
6.629999999999999716e+01 1.000000180289163154e+00
6.639999999999999147e+01 1.000000084231525310e+00
6.650000000000000000e+01 1.000000166999664319e+00
6.659999999999999432e+01 1.000000073743848139e+00
6.670000000000000284e+01 1.000000186332514529e+00
6.679999999999999716e+01 1.000000122284513848e+00
6.689999999999999147e+01 1.000000243857353199e+00
6.700000000000000000e+01 1.000000157565270165e+00
6.709999999999999432e+01 1.000000230763533837e+00
6.720000000000000284e+01 1.000000124455707073e+00
6.729999999999999716e+01 1.000000199366715581e+00
6.739999999999999147e+01 1.000000120072164433e+00
6.750000000000000000e+01 1.000000227131686570e+00
6.759999999999999432e+01 1.000000129774800461e+00
6.770000000000000284e+01 1.000000150179461311e+00
6.779999999999999716e+01 1.000000075517699649e+00
6.789999999999999147e+01 1.000000187865203172e+00
6.800000000000000000e+01 1.000000123335633040e+00
6.809999999999999432e+01 1.000000187977434951e+00
6.820000000000000284e+01 1.000000124430779458e+00
6.829999999999999716e+01 1.000000166061258078e+00
6.839999999999999147e+01 1.000000119955123612e+00
6.850000000000000000e+01 1.000000168442873871e+00
6.859999999999999432e+01 1.000000120299297413e+00
6.870000000000000284e+01 1.000000164256669599e+00
6.879999999999999716e+01 1.000000124327126372e+00
6.889999999999999147e+01 1.000000165763632598e+00
6.900000000000000000e+01 1.000000104710148552e+00
6.909999999999999432e+01 1.000000109914430224e+00
6.920000000000000284e+01 1.000000066908431684e+00
6.929999999999999716e+01 1.000000105725023625e+00
6.939999999999999147e+01 1.000000129742565358e+00
6.950000000000000000e+01 1.000000146542393997e+00
6.959999999999999432e+01 1.000000082202224361e+00
6.970000000000000284e+01 1.000000077859844128e+00
6.979999999999999716e+01 1.000000138171738717e+00
6.989999999999999147e+01 1.000000158370992320e+00
7.000000000000000000e+01 1.000000155353901965e+00
7.009999999999999432e+01 1.000000119727926240e+00
7.020000000000000284e+01 1.000000128616418849e+00
7.029999999999999716e+01 1.000000122416429438e+00
7.039999999999999147e+01 1.000000161441164659e+00
7.050000000000000000e+01 1.000000153365006916e+00
7.059999999999999432e+01 1.000000175533096725e+00
7.070000000000000284e+01 1.000000107028613083e+00
7.079999999999999716e+01 1.000000132251938734e+00
7.089999999999999147e+01 1.000000084009462942e+00
7.100000000000000000e+01 1.000000152529152642e+00
7.109999999999999432e+01 1.000000143218471749e+00
7.120000000000000284e+01 1.000000203413342614e+00
7.129999999999999716e+01 1.000000150553397305e+00
7.139999999999999147e+01 1.000000151955945604e+00
7.150000000000000000e+01 1.000000067694058137e+00
7.159999999999999432e+01 1.000000177357388775e+00
7.170000000000000284e+01 1.000000175095761445e+00
7.179999999999999716e+01 1.000000197829317594e+00
7.189999999999999147e+01 1.000000073992195482e+00
7.200000000000000000e+01 1.000000145414522423e+00
7.209999999999999432e+01 1.000000090093458471e+00
7.220000000000000284e+01 1.000000178467575163e+00
7.229999999999999716e+01 1.000000085451110188e+00
7.239999999999999147e+01 1.000000136047995314e+00
7.250000000000000000e+01 1.000000058114322243e+00
7.259999999999999432e+01 1.000000169057637889e+00
7.270000000000000284e+01 1.000000091272408076e+00
7.279999999999999716e+01 1.000000139969651425e+00
7.289999999999999147e+01 1.000000033333883653e+00
7.300000000000000000e+01 1.000000120492346767e+00
7.309999999999999432e+01 1.000000067501454426e+00
7.320000000000000284e+01 1.000000146884626462e+00
7.329999999999999716e+01 9.999999900481539861e-01
7.339999999999999147e+01 1.000000012801926186e+00
7.350000000000000000e+01 9.999999930467238229e-01
7.359999999999999432e+01 1.000000178461361244e+00
7.370000000000000284e+01 1.000000027855288076e+00
7.379999999999999716e+01 1.000000007872565932e+00
7.389999999999999147e+01 9.999999375449424299e-01
7.400000000000000000e+01 1.000000059753009207e+00
7.409999999999999432e+01 1.000000028629126847e+00
7.420000000000000284e+01 1.000000104640520471e+00
7.429999999999999716e+01 9.999999843215252593e-01
7.439999999999999147e+01 1.000000025109768931e+00
7.450000000000000000e+01 9.999999417086498088e-01
7.459999999999999432e+01 1.000000029996102047e+00
7.470000000000000284e+01 9.999999720920743629e-01
7.479999999999999716e+01 1.000000041455987088e+00
7.489999999999999147e+01 9.999999664053368376e-01
7.500000000000000000e+01 9.999999854396480758e-01
7.509999999999999432e+01 9.999999127098946339e-01
7.520000000000000284e+01 9.999999998625419551e-01
7.529999999999999716e+01 1.000000000005080381e+00
7.539999999999999147e+01 1.000000087439823160e+00
7.550000000000000000e+01 1.000000009459098615e+00
7.559999999999999432e+01 9.999999745293253195e-01
7.570000000000000284e+01 9.999999372702407241e-01
7.579999999999999716e+01 1.000000067411723537e+00
7.589999999999999147e+01 1.000000038910457745e+00
7.600000000000000000e+01 1.000000044538770227e+00
7.609999999999999432e+01 9.999999713465210771e-01
7.620000000000000284e+01 9.999999914082211561e-01
7.629999999999999716e+01 9.999999723895736103e-01
7.639999999999999147e+01 1.000000012383265746e+00
7.650000000000000000e+01 1.000000015436778966e+00
7.659999999999999432e+01 1.000000048420578658e+00
7.670000000000000284e+01 9.999999919559013906e-01
7.679999999999999716e+01 9.999999693495797981e-01
7.690000000000000568e+01 9.999999740644524016e-01
7.700000000000000000e+01 1.000000045997632370e+00
7.709999999999999432e+01 1.000000092396925666e+00
7.720000000000000284e+01 1.000000062714880400e+00
7.729999999999999716e+01 9.999999839346906949e-01
7.740000000000000568e+01 9.999998976437500797e-01
7.750000000000000000e+01 1.000000014321831276e+00
7.759999999999999432e+01 1.000000091856549922e+00
7.770000000000000284e+01 1.000000004233940087e+00
7.779999999999999716e+01 9.999999153143270814e-01
7.790000000000000568e+01 9.999999675632427198e-01
7.800000000000000000e+01 9.999999981006322258e-01
7.809999999999999432e+01 1.000000027878889641e+00
7.820000000000000284e+01 9.999999693912701160e-01
7.829999999999999716e+01 9.999999567263095912e-01
7.840000000000000568e+01 9.999999176137310819e-01
7.850000000000000000e+01 9.999999980557074952e-01
7.859999999999999432e+01 9.999999977924002303e-01
7.870000000000000284e+01 1.000000026608667270e+00
7.879999999999999716e+01 9.999999271006847490e-01
7.890000000000000568e+01 9.999999578321662197e-01
7.900000000000000000e+01 9.999999492067564999e-01
7.909999999999999432e+01 1.000000049750716880e+00
7.920000000000000284e+01 9.999999851218647207e-01
7.929999999999999716e+01 9.999999489876379988e-01
7.940000000000000568e+01 9.999998416278073066e-01
7.950000000000000000e+01 1.000000028047557388e+00
7.959999999999999432e+01 1.000000108824888656e+00
7.970000000000000284e+01 1.000000016183961948e+00
7.979999999999999716e+01 9.999998354088842634e-01
7.990000000000000568e+01 9.999999798787018168e-01
8.000000000000000000e+01 1.000000027620926657e+00
8.009999999999999432e+01 1.000000122949369796e+00
8.020000000000000284e+01 1.000000001514152803e+00
8.029999999999999716e+01 1.000000005873555420e+00
8.040000000000000568e+01 9.999999443833097468e-01
8.050000000000000000e+01 1.000000060864343565e+00
8.059999999999999432e+01 1.000000034902177815e+00
8.070000000000000284e+01 1.000000099826120925e+00
8.079999999999999716e+01 1.000000025475996424e+00
8.090000000000000568e+01 1.000000088180332147e+00
8.100000000000000000e+01 1.000000028001748920e+00
8.109999999999999432e+01 1.000000115273335100e+00
8.120000000000000284e+01 1.000000094540602014e+00
8.129999999999999716e+01 1.000000196476771519e+00
8.140000000000000568e+01 1.000000122908542899e+00
8.150000000000000000e+01 1.000000127158521934e+00
8.159999999999999432e+01 1.000000064209130235e+00
8.170000000000000284e+01 1.000000186201377428e+00
8.179999999999999716e+01 1.000000177833402892e+00
8.190000000000000568e+01 1.000000216609286285e+00
8.200000000000000000e+01 1.000000127015401530e+00
8.209999999999999432e+01 1.000000160815893935e+00
8.220000000000000284e+01 1.000000120349862742e+00
8.229999999999999716e+01 1.000000199729515371e+00
8.240000000000000568e+01 1.000000191991029519e+00
8.250000000000000000e+01 1.000000271540875785e+00
8.259999999999999432e+01 1.000000220227020842e+00
8.270000000000000284e+01 1.000000206623264498e+00
8.279999999999999716e+01 1.000000137371507725e+00
8.290000000000000568e+01 1.000000223983772196e+00
8.300000000000000000e+01 1.000000277752763900e+00
8.309999999999999432e+01 1.000000325113880706e+00
8.320000000000000284e+01 1.000000181707565661e+00
8.329999999999999716e+01 1.000000062487143904e+00
8.340000000000000568e+01 1.000000065035337338e+00
8.350000000000000000e+01 1.000000377431931264e+00
8.359999999999999432e+01 1.000000369197537209e+00
8.370000000000000284e+01 1.000000113628627396e+00
8.379999999999999716e+01 1.000000064898060259e+00
8.390000000000000568e+01 1.000000209898382453e+00
8.400000000000000000e+01 1.000000300693877131e+00
8.409999999999999432e+01 1.000000279255550684e+00
8.420000000000000284e+01 1.000000196475315573e+00
8.429999999999999716e+01 1.000000151019693417e+00
8.440000000000000568e+01 1.000000196783631612e+00
8.450000000000000000e+01 1.000000252585455884e+00
8.459999999999999432e+01 1.000000263680608903e+00
8.470000000000000284e+01 1.000000216379393958e+00
8.479999999999999716e+01 1.000000195132997538e+00
8.490000000000000568e+01 1.000000186003260128e+00
8.500000000000000000e+01 1.000000222230007063e+00
8.509999999999999432e+01 1.000000216179796064e+00
8.520000000000000284e+01 1.000000235208804655e+00
8.529999999999999716e+01 1.000000191069697619e+00
8.540000000000000568e+01 1.000000244804627902e+00
8.550000000000000000e+01 1.000000282650773009e+00
8.559999999999999432e+01 1.000000311550211851e+00
8.570000000000000284e+01 1.000000184125253266e+00
8.579999999999999716e+01 1.000000230789501510e+00
8.590000000000000568e+01 1.000000259886294263e+00
8.600000000000000000e+01 1.000000332215220666e+00
8.609999999999999432e+01 1.000000291332981739e+00
8.620000000000000284e+01 1.000000293683814379e+00
8.629999999999999716e+01 1.000000228663062041e+00
8.640000000000000568e+01 1.000000293724119693e+00
8.650000000000000000e+01 1.000000292077416031e+00
8.659999999999999432e+01 1.000000361744147526e+00
8.670000000000000284e+01 1.000000295937130801e+00
8.679999999999999716e+01 1.000000334391927703e+00
8.690000000000000568e+01 1.000000274840823211e+00
8.700000000000000000e+01 1.000000336982298066e+00
8.709999999999999432e+01 1.000000316239754383e+00
8.720000000000000284e+01 1.000000406728209779e+00
8.729999999999999716e+01 1.000000360076032990e+00
8.740000000000000568e+01 1.000000360079506212e+00
8.750000000000000000e+01 1.000000237356668098e+00
8.759999999999999432e+01 1.000000362313811397e+00
8.770000000000000284e+01 1.000000370404446226e+00
8.779999999999999716e+01 1.000000422012513823e+00
8.790000000000000568e+01 1.000000315784394633e+00
8.800000000000000000e+01 1.000000334149527603e+00
8.809999999999999432e+01 1.000000271140134345e+00
8.820000000000000284e+01 1.000000370208770750e+00
8.829999999999999716e+01 1.000000350008130479e+00
8.840000000000000568e+01 1.000000402205639460e+00
8.850000000000000000e+01 1.000000325070135032e+00
8.859999999999999432e+01 1.000000334167785221e+00
8.870000000000000284e+01 1.000000251942225971e+00
8.879999999999999716e+01 1.000000316676340928e+00
8.890000000000000568e+01 1.000000297953385964e+00
8.900000000000000000e+01 1.000000368251052096e+00
8.909999999999999432e+01 1.000000277992463937e+00
8.920000000000000284e+01 1.000000259957590343e+00
8.929999999999999716e+01 1.000000166153067527e+00
8.940000000000000568e+01 1.000000257971206397e+00
8.950000000000000000e+01 1.000000342574933976e+00
8.959999999999999432e+01 1.000000331152348654e+00
8.970000000000000284e+01 1.000000147492968505e+00
8.979999999999999716e+01 1.000000196139872344e+00
8.990000000000000568e+01 1.000000236989713409e+00
9.000000000000000000e+01 1.000000305244572507e+00
9.009999999999999432e+01 1.000000226340598264e+00
9.020000000000000284e+01 1.000000210099180498e+00
9.029999999999999716e+01 1.000000164018441939e+00
9.040000000000000568e+01 1.000000207703509503e+00
9.050000000000000000e+01 1.000000187398937479e+00
9.059999999999999432e+01 1.000000179424163083e+00
9.070000000000000284e+01 1.000000136785932581e+00
9.079999999999999716e+01 1.000000172328322501e+00
9.090000000000000568e+01 1.000000176296996113e+00
9.100000000000000000e+01 1.000000187108937011e+00
9.109999999999999432e+01 1.000000153666774638e+00
9.120000000000000284e+01 1.000000152327616743e+00
9.129999999999999716e+01 1.000000156879251589e+00
9.140000000000000568e+01 1.000000214408267141e+00
9.150000000000000000e+01 1.000000189302759468e+00
9.159999999999999432e+01 1.000000124099592380e+00
9.170000000000000284e+01 1.000000109018009731e+00
9.179999999999999716e+01 1.000000142754968957e+00
9.190000000000000568e+01 1.000000164121510160e+00
9.200000000000000000e+01 1.000000148236950714e+00
9.209999999999999432e+01 1.000000144118847967e+00
9.220000000000000284e+01 1.000000103505666482e+00
9.229999999999999716e+01 1.000000115878194373e+00
9.240000000000000568e+01 1.000000108041266378e+00
9.250000000000000000e+01 1.000000145291049636e+00
9.259999999999999432e+01 1.000000140443841445e+00
9.270000000000000284e+01 1.000000149060601196e+00
9.279999999999999716e+01 1.000000107465557564e+00
9.290000000000000568e+01 1.000000125205656509e+00
9.300000000000000000e+01 1.000000091328995921e+00
9.309999999999999432e+01 1.000000125951090890e+00
9.320000000000000284e+01 1.000000098848354391e+00
9.329999999999999716e+01 1.000000120088476052e+00
9.340000000000000568e+01 1.000000043393790339e+00
9.350000000000000000e+01 1.000000050999421131e+00
9.359999999999999432e+01 1.000000057316635882e+00
9.370000000000000284e+01 1.000000115712841975e+00
9.379999999999999716e+01 1.000000048972192079e+00
9.390000000000000568e+01 1.000000054395229876e+00
9.400000000000000000e+01 1.000000000064318328e+00
9.409999999999999432e+01 1.000000043540426375e+00
9.420000000000000284e+01 1.000000011194084992e+00
9.429999999999999716e+01 1.000000057701649681e+00
9.440000000000000568e+01 9.999999962931532815e-01
9.450000000000000000e+01 1.000000035796146491e+00
9.459999999999999432e+01 9.999999687545426674e-01
9.470000000000000284e+01 1.000000006999522073e+00
9.479999999999999716e+01 9.999999454960826206e-01
9.490000000000000568e+01 9.999999921146652815e-01
9.500000000000000000e+01 9.999999516283538670e-01
9.509999999999999432e+01 9.999999949315412362e-01
9.520000000000000284e+01 9.999999468862429408e-01
9.529999999999999716e+01 9.999999731053359486e-01
9.540000000000000568e+01 9.999998975168953308e-01
9.550000000000000000e+01 9.999999660991114592e-01
9.559999999999999432e+01 9.999999429735353385e-01
9.570000000000000284e+01 9.999999742040917017e-01
9.579999999999999716e+01 9.999999071338496748e-01
9.590000000000000568e+01 9.999999465019117073e-01
9.600000000000000000e+01 9.999998994392906848e-01
9.609999999999999432e+01 9.999999497413041283e-01
9.620000000000000284e+01 9.999999093417856200e-01
9.629999999999999716e+01 9.999999463512655451e-01
9.640000000000000568e+01 9.999998900210002040e-01
9.650000000000000000e+01 9.999999319795612740e-01
9.659999999999999432e+01 9.999999008678995827e-01
9.670000000000000284e+01 9.999999581009670901e-01
9.679999999999999716e+01 9.999999354985623645e-01
9.690000000000000568e+01 9.999999680327080753e-01
9.700000000000000000e+01 9.999999248783559835e-01
9.709999999999999432e+01 9.999999529262678655e-01
9.720000000000000284e+01 9.999999214422800042e-01
9.729999999999999716e+01 9.999999624117447139e-01
9.740000000000000568e+01 9.999999621626256552e-01
9.750000000000000000e+01 9.999999784121516022e-01
9.759999999999999432e+01 9.999999245127746406e-01
9.770000000000000284e+01 9.999999415244086309e-01
9.779999999999999716e+01 9.999999405854166357e-01
9.790000000000000568e+01 9.999999669191337315e-01
9.800000000000000000e+01 9.999999494921674170e-01
9.809999999999999432e+01 9.999999602848587132e-01
9.820000000000000284e+01 9.999999517511150016e-01
9.829999999999999716e+01 9.999999785840040234e-01
9.840000000000000568e+01 9.999999784744852960e-01
9.850000000000000000e+01 9.999999832285135781e-01
9.859999999999999432e+01 9.999999779354087348e-01
9.870000000000000284e+01 9.999999728466116844e-01
9.879999999999999716e+01 9.999999691891013898e-01
9.890000000000000568e+01 9.999999574970684924e-01
9.900000000000000000e+01 9.999999439043584237e-01
9.909999999999999432e+01 9.999999279656412998e-01
9.920000000000000284e+01 9.999999497591399722e-01
9.929999999999999716e+01 9.999999629879582352e-01
9.940000000000000568e+01 9.999999693747547713e-01
9.950000000000000000e+01 9.999999315127299226e-01
9.959999999999999432e+01 9.999999453650406656e-01
9.970000000000000284e+01 9.999999424252602465e-01
9.979999999999999716e+01 9.999999681022639919e-01
9.990000000000000568e+01 9.999999465317994662e-01
1.000000000000000000e+02 9.999999656791399572e-01
1.000999999999999943e+02 9.999999292067266454e-01
1.002000000000000028e+02 9.999999553463984059e-01
1.002999999999999972e+02 9.999999310476144210e-01
1.004000000000000057e+02 9.999999654102088575e-01
1.005000000000000000e+02 9.999999283382156046e-01
1.005999999999999943e+02 9.999999440000452156e-01
1.007000000000000028e+02 9.999999017636217458e-01
1.007999999999999972e+02 9.999999353654672740e-01
1.009000000000000057e+02 9.999999110352276732e-01
1.010000000000000000e+02 9.999999690916464568e-01
1.010999999999999943e+02 9.999999367247859317e-01
1.012000000000000028e+02 9.999999813199224041e-01
1.012999999999999972e+02 9.999999228135698637e-01
1.014000000000000057e+02 9.999999512225480336e-01
1.015000000000000000e+02 9.999999277598217162e-01
1.015999999999999943e+02 9.999999933179738454e-01
1.017000000000000028e+02 9.999999460325014189e-01
1.017999999999999972e+02 9.999999847134316555e-01
1.019000000000000057e+02 9.999999440945527285e-01
1.020000000000000000e+02 9.999999991617217754e-01
1.020999999999999943e+02 9.999999588814494356e-01
1.022000000000000028e+02 1.000000005336143971e+00
1.022999999999999972e+02 9.999999619057766687e-01
1.024000000000000057e+02 1.000000018310475802e+00
